           0           0
           0           0
           4           0
           2           0
           1           8
           3           8
           3           4
           0           0
           0           2
           2           6
           2           6
           4           8
           4           6
           1           6
           1           0
           3           8
           3           0
           0           4
           4           4
           2           6
           1           4
           3           2
           3           8
           0           4
           0           8
           2           2
           2           2
           4           4
           4           2
           1           0
           1           6
           3           2
           3           6
           0           0
           4           0
           2           0
           1           8
           3           8
           3           4
           0           0
           0           2
           2           6
           2           6
           4           8
           4           6
           1           6
           1           0
           3           8
           3           0
           0           4
           4           4
           2           6
           1           4
           3           2
           3           8
           0           4
           0           8
           2           2
           2           2
           4           4
           4           2
           1           0
           1           6
           3           2
           3           6
           0           0
           4           0
           2           0
           1           8
           3           8
           3           4
           0           0
           0           2
           2           6
           2           6
           4           8
           4           6
           1           6
           1           0
           3           8
           3           0
           0           4
           4           4
           2           6
           1           4
           3           2
           3           8
           0           4
           0           8
           2           2
           2           2
           4           4
           4           2
           1           0
           1           6
           3           2
           3           6
           0           0
           4           0
           2           0
           1           8
           3           8
           3           4
           0           0
           0           2
           2           6
           2           6
           4           8
           4           6
           1           6
           1           0
           3           8
           3           0
           0           4
           4           4
           2           6
           1           4
           3           2
           3           8
           0           4
           0           8
           2           2
           2           2
           4           4
           4           2
           1           0
           1           6
           3           2
