         669         690         706         684         698
         541         556         587         539         554
         455         473         506         461         484
         403         429         463         410         444
         376         401         423         381         403
         355         379         392         354         375
         342         353         370         336         354
         328         338         346         316         340
         316         321         339         308         318
         311         311         324         301         309
         302         302         319         292         302
         293         294         310         287         290
         288         282         298         275         277
         281         279         290         267         275
         271         272         273         261         269
         262         267         262         253         263
         258         264         254         249         262
         254         258         245         244         258
         250         251         241         242         252
         250         245         236         235         247
