  0.5881518    
  0.9335430    
  5.6776773E-02
  0.2472191    
  0.9888189    
  0.9203218    
  0.1512522    
  9.6467152E-02
  0.6765802    
  0.7171817    
  0.3270929    
  0.5491846    
  0.1454060    
  0.1610318    
  0.4615541    
  0.6601428    
  0.9795640    
  0.4686125    
  2.9978584E-02
  0.1499382    
  1.0750514E-02
  0.6838886    
  0.1160559    
  0.5511786    
  0.3404529    
  7.3948721E-03
  0.2856161    
  0.3491090    
  0.5246447    
  0.2971787    
  0.6827883    
  0.3777643    
  0.9164121    
  0.1373619    
  0.6410533    
  0.1829520    
  0.8750359    
  0.7287652    
  0.3576616    
  0.7818372    
  0.3379973    
  0.7204660    
  0.8719921    
  0.4299096    
  0.5090798    
  0.1042375    
  8.0006905E-02
  0.6759959    
  0.5373968    
  2.7880736E-02
  0.5915326    
  0.1106116    
  0.9505514    
  8.2472153E-02
  0.1094678    
  0.1750414    
  7.9810232E-02
  0.6294869    
  0.2147312    
  0.9878754    
  0.7776260    
  0.4403835    
  0.4739997    
  0.5135378    
  0.9705330    
  0.2527013    
  0.8494120    
  6.6705942E-02
  0.8732380    
  0.5118266    
  0.2701271    
  2.5894746E-02
  0.7869930    
  0.9922464    
  0.6854343    
  9.4295532E-02
  0.8249903    
  0.3882941    
  5.8333214E-02
  0.4063261    
  0.8767247    
  0.8876857    
  0.6660356    
  6.0024083E-02
  0.8247495    
  0.4359670    
  0.7022755    
  0.8568583    
  0.7825746    
  0.7316478    
  0.8047656    
  0.3045410    
  0.4209576    
  0.9653938    
  0.6270951    
  0.4126699    
  0.2572981    
  0.4084200    
  0.3145133    
  2.5644898E-02
