   1.000000     ,  0.0000000E+00
   1.000000     ,  4.9999999E-03
  0.9999750     ,  9.9999998E-03
  0.9999250     ,  1.4999875E-02
  0.9998500     ,  1.9999500E-02
  0.9997500     ,  2.4998751E-02
  0.9996250     ,  2.9997502E-02
  0.9994751     ,  3.4995627E-02
  0.9993001     ,  3.9993003E-02
  0.9991002     ,  4.4989504E-02
  0.9988753     ,  4.9985006E-02
  0.9986255     ,  5.4979384E-02
  0.9983506     ,  5.9972513E-02
  0.9980508     ,  6.4964265E-02
  0.9977261     ,  6.9954522E-02
  0.9973764     ,  7.4943155E-02
  0.9970018     ,  7.9930037E-02
  0.9966022     ,  8.4915049E-02
  0.9961778     ,  8.9898065E-02
  0.9957284     ,  9.4878957E-02
  0.9952542     ,  9.9857606E-02
  0.9947551     ,  0.1048339    
  0.9942311     ,  0.1098077    
  0.9936823     ,  0.1147788    
  0.9931086     ,  0.1197473    
  0.9925101     ,  0.1247128    
  0.9918869     ,  0.1296754    
  0.9912388     ,  0.1346348    
  0.9905660     ,  0.1395910    
  0.9898683     ,  0.1445439    
  0.9891460     ,  0.1494932    
  0.9883989     ,  0.1544390    
  0.9876271     ,  0.1593810    
  0.9868307     ,  0.1643192    
  0.9860096     ,  0.1692533    
  0.9851639     ,  0.1741834    
  0.9842935     ,  0.1791093    
  0.9833986     ,  0.1840308    
  0.9824790     ,  0.1889478    
  0.9815350     ,  0.1938602    
  0.9805664     ,  0.1987680    
  0.9795732     ,  0.2036708    
  0.9785557     ,  0.2085688    
  0.9775137     ,  0.2134616    
  0.9764472     ,  0.2183492    
  0.9753563     ,  0.2232315    
  0.9742411     ,  0.2281084    
  0.9731016     ,  0.2329797    
  0.9719377     ,  0.2378453    
  0.9707495     ,  0.2427050    
  0.9695371     ,  0.2475589    
  0.9683005     ,  0.2524067    
  0.9670396     ,  0.2572483    
  0.9657546     ,  0.2620836    
  0.9644455     ,  0.2669125    
  0.9631123     ,  0.2717348    
  0.9617550     ,  0.2765505    
  0.9603738     ,  0.2813594    
  0.9589685     ,  0.2861614    
  0.9575392     ,  0.2909564    
  0.9560860     ,  0.2957443    
  0.9546090     ,  0.3005249    
  0.9531081     ,  0.3052981    
  0.9515834     ,  0.3100638    
  0.9500349     ,  0.3148219    
  0.9484627     ,  0.3195723    
  0.9468668     ,  0.3243148    
  0.9452472     ,  0.3290494    
  0.9436041     ,  0.3337759    
  0.9419373     ,  0.3384942    
  0.9402471     ,  0.3432041    
  0.9385333     ,  0.3479056    
  0.9367961     ,  0.3525986    
  0.9350355     ,  0.3572828    
  0.9332516     ,  0.3619584    
  0.9314444     ,  0.3666250    
  0.9296139     ,  0.3712825    
  0.9277602     ,  0.3759309    
  0.9258833     ,  0.3805701    
  0.9239833     ,  0.3851999    
  0.9220602     ,  0.3898202    
  0.9201141     ,  0.3944309    
  0.9181450     ,  0.3990319    
  0.9161530     ,  0.4036231    
  0.9141381     ,  0.4082043    
  0.9121004     ,  0.4127755    
  0.9100400     ,  0.4173365    
  0.9079567     ,  0.4218872    
  0.9058508     ,  0.4264276    
  0.9037223     ,  0.4309574    
  0.9015713     ,  0.4354766    
  0.8993977     ,  0.4399850    
  0.8972017     ,  0.4444827    
  0.8949832     ,  0.4489693    
  0.8927425     ,  0.4534449    
  0.8904794     ,  0.4579093    
  0.8881941     ,  0.4623624    
  0.8858866     ,  0.4668041    
  0.8835570     ,  0.4712344    
  0.8812054     ,  0.4756529    
  0.8788317     ,  0.4800598    
  0.8764362     ,  0.4844548    
  0.8740187     ,  0.4888378    
  0.8715795     ,  0.4932088    
  0.8691184     ,  0.4975677    
  0.8666357     ,  0.5019142    
  0.8641313     ,  0.5062484    
  0.8616054     ,  0.5105700    
  0.8590580     ,  0.5148791    
  0.8564891     ,  0.5191755    
  0.8538988     ,  0.5234590    
  0.8512872     ,  0.5277296    
  0.8486544     ,  0.5319872    
  0.8460004     ,  0.5362317    
  0.8433253     ,  0.5404629    
  0.8406291     ,  0.5446808    
  0.8379120     ,  0.5488853    
  0.8351739     ,  0.5530762    
  0.8324150     ,  0.5572535    
  0.8296353     ,  0.5614170    
  0.8268349     ,  0.5655666    
  0.8240139     ,  0.5697023    
  0.8211723     ,  0.5738239    
  0.8183103     ,  0.5779313    
  0.8154278     ,  0.5820245    
  0.8125250     ,  0.5861033    
  0.8096018     ,  0.5901676    
  0.8066586     ,  0.5942174    
  0.8036951     ,  0.5982525    
  0.8007116     ,  0.6022728    
  0.7977082     ,  0.6062782    
  0.7946848     ,  0.6102687    
  0.7916416     ,  0.6142441    
  0.7885786     ,  0.6182044    
  0.7854960     ,  0.6221493    
  0.7823938     ,  0.6260790    
  0.7792721     ,  0.6299931    
  0.7761309     ,  0.6338918    
  0.7729704     ,  0.6377747    
  0.7697906     ,  0.6416419    
  0.7665915     ,  0.6454933    
  0.7633734     ,  0.6493287    
  0.7601362     ,  0.6531481    
  0.7568801     ,  0.6569514    
  0.7536051     ,  0.6607384    
  0.7503113     ,  0.6645091    
  0.7469987     ,  0.6682634    
  0.7436676     ,  0.6720012    
  0.7403179     ,  0.6757225    
  0.7369497     ,  0.6794270    
  0.7335632     ,  0.6831148    
  0.7301583     ,  0.6867856    
  0.7267353     ,  0.6904396    
  0.7232941     ,  0.6940765    
  0.7198349     ,  0.6976962    
  0.7163578     ,  0.7012987    
  0.7128627     ,  0.7048839    
  0.7093499     ,  0.7084517    
  0.7058194     ,  0.7120021    
  0.7022713     ,  0.7155349    
  0.6987057     ,  0.7190499    
  0.6951227     ,  0.7225472    
  0.6915224     ,  0.7260267    
  0.6879048     ,  0.7294883    
  0.6842700     ,  0.7329319    
  0.6806182     ,  0.7363573    
  0.6769494     ,  0.7397646    
  0.6732638     ,  0.7431537    
  0.6695614     ,  0.7465244    
  0.6658422     ,  0.7498767    
  0.6621065     ,  0.7532104    
  0.6583543     ,  0.7565256    
  0.6545857     ,  0.7598221    
  0.6508007     ,  0.7630998    
  0.6469995     ,  0.7663588    
  0.6431822     ,  0.7695988    
  0.6393489     ,  0.7728198    
  0.6354996     ,  0.7760218    
  0.6316345     ,  0.7792046    
  0.6277536     ,  0.7823682    
  0.6238571     ,  0.7855124    
  0.6199450     ,  0.7886373    
  0.6160175     ,  0.7917428    
  0.6120747     ,  0.7948287    
  0.6081166     ,  0.7978950    
  0.6041433     ,  0.8009416    
  0.6001550     ,  0.8039685    
  0.5961517     ,  0.8069755    
  0.5921336     ,  0.8099627    
  0.5881007     ,  0.8129299    
  0.5840531     ,  0.8158770    
  0.5799910     ,  0.8188040    
  0.5759144     ,  0.8217108    
  0.5718235     ,  0.8245973    
  0.5677183     ,  0.8274635    
  0.5635990     ,  0.8303093    
  0.5594656     ,  0.8331347    
  0.5553184     ,  0.8359395    
  0.5511572     ,  0.8387237    
  0.5469823     ,  0.8414872    
  0.5427938     ,  0.8442299    
  0.5385917     ,  0.8469519    
  0.5343763     ,  0.8496530    
  0.5301475     ,  0.8523331    
  0.5259055     ,  0.8549923    
  0.5216504     ,  0.8576303    
  0.5173823     ,  0.8602473    
  0.5131013     ,  0.8628430    
  0.5088075     ,  0.8654174    
  0.5045010     ,  0.8679706    
  0.5001820     ,  0.8705024    
  0.4958505     ,  0.8730127    
  0.4915067     ,  0.8755015    
  0.4871506     ,  0.8779687    
  0.4827824     ,  0.8804144    
  0.4784021     ,  0.8828383    
  0.4740099     ,  0.8852405    
  0.4696059     ,  0.8876209    
  0.4651902     ,  0.8899794    
  0.4607629     ,  0.8923160    
  0.4563241     ,  0.8946307    
  0.4518740     ,  0.8969234    
  0.4474126     ,  0.8991939    
  0.4429400     ,  0.9014423    
  0.4384564     ,  0.9036686    
  0.4339618     ,  0.9058726    
  0.4294565     ,  0.9080543    
  0.4249404     ,  0.9102136    
  0.4204138     ,  0.9123506    
  0.4158766     ,  0.9144651    
  0.4113291     ,  0.9165571    
  0.4067714     ,  0.9186265    
  0.4022035     ,  0.9206734    
  0.3976255     ,  0.9226975    
  0.3930377     ,  0.9246991    
  0.3884400     ,  0.9266778    
  0.3838327     ,  0.9286338    
  0.3792158     ,  0.9305670    
  0.3745894     ,  0.9324772    
  0.3699537     ,  0.9343646    
  0.3653088     ,  0.9362289    
  0.3606547     ,  0.9380703    
  0.3559917     ,  0.9398886    
  0.3513198     ,  0.9416838    
  0.3466391     ,  0.9434558    
  0.3419497     ,  0.9452047    
  0.3372518     ,  0.9469303    
  0.3325455     ,  0.9486327    
  0.3278309     ,  0.9503117    
  0.3231082     ,  0.9519674    
  0.3183773     ,  0.9535998    
  0.3136385     ,  0.9552087    
  0.3088919     ,  0.9567941    
  0.3041375     ,  0.9583560    
  0.2993756     ,  0.9598944    
  0.2946061     ,  0.9614092    
  0.2898293     ,  0.9629004    
  0.2850453     ,  0.9643680    
  0.2802541     ,  0.9658119    
  0.2754560     ,  0.9672321    
  0.2706509     ,  0.9686285    
  0.2658391     ,  0.9700012    
  0.2610206     ,  0.9713501    
  0.2561956     ,  0.9726751    
  0.2513641     ,  0.9739763    
  0.2465264     ,  0.9752535    
  0.2416825     ,  0.9765069    
  0.2368326     ,  0.9777363    
  0.2319767     ,  0.9789417    
  0.2271150     ,  0.9801232    
  0.2222476     ,  0.9812806    
  0.2173747     ,  0.9824139    
  0.2124962     ,  0.9835231    
  0.2076125     ,  0.9846082    
  0.2027235     ,  0.9856692    
  0.1978294     ,  0.9867060    
  0.1929304     ,  0.9877186    
  0.1880265     ,  0.9887071    
  0.1831179     ,  0.9896713    
  0.1782046     ,  0.9906113    
  0.1732869     ,  0.9915270    
  0.1683648     ,  0.9924183    
  0.1634385     ,  0.9932855    
  0.1585080     ,  0.9941282    
  0.1535735     ,  0.9949467    
  0.1486352     ,  0.9957407    
  0.1436931     ,  0.9965104    
  0.1387473     ,  0.9972557    
  0.1337980     ,  0.9979765    
  0.1288453     ,  0.9986730    
  0.1238894     ,  0.9993451    
  0.1189302     ,  0.9999926    
  0.1139681     ,   1.000616    
  0.1090030     ,   1.001214    
  0.1040352     ,   1.001788    
  9.9064671E-02 ,   1.002338    
  9.4091609E-02 ,   1.002863    
  8.9116119E-02 ,   1.003364    
  8.4138334E-02 ,   1.003840    
  7.9158366E-02 ,   1.004291    
  7.4176341E-02 ,   1.004718    
  6.9192380E-02 ,   1.005121    
  6.4206608E-02 ,   1.005499    
  5.9219141E-02 ,   1.005852    
  5.4230105E-02 ,   1.006181    
  4.9239621E-02 ,   1.006485    
  4.4247814E-02 ,   1.006764    
  3.9254803E-02 ,   1.007019    
  3.4260713E-02 ,   1.007250    
  2.9265663E-02 ,   1.007455    
  2.4269775E-02 ,   1.007637    
  1.9273173E-02 ,   1.007793    
  1.4275978E-02 ,   1.007925    
  9.2783133E-03 ,   1.008032    
  4.2802999E-03 ,   1.008115    
 -7.1794016E-04 ,   1.008173    
 -5.7162847E-03 ,   1.008207    
 -1.0714612E-02 ,   1.008216    
 -1.5712800E-02 ,   1.008200    
 -2.0710725E-02 ,   1.008160    
 -2.5708267E-02 ,   1.008095    
 -3.0705305E-02 ,   1.008006    
 -3.5701714E-02 ,   1.007892    
 -4.0697377E-02 ,   1.007753    
 -4.5692168E-02 ,   1.007590    
 -5.0685968E-02 ,   1.007402    
 -5.5678654E-02 ,   1.007190    
 -6.0670108E-02 ,   1.006953    
 -6.5660201E-02 ,   1.006692    
 -7.0648819E-02 ,   1.006406    
 -7.5635843E-02 ,   1.006096    
 -8.0621146E-02 ,   1.005761    
 -8.5604608E-02 ,   1.005402    
 -9.0586103E-02 ,   1.005018    
 -9.5565520E-02 ,   1.004610    
 -0.1005427     ,   1.004177    
 -0.1055176     ,   1.003720    
 -0.1104901     ,   1.003238    
 -0.1154599     ,   1.002732    
 -0.1204271     ,   1.002202    
 -0.1253915     ,   1.001647    
 -0.1303529     ,   1.001068    
 -0.1353114     ,   1.000465    
 -0.1402666     ,  0.9998369    
 -0.1452185     ,  0.9991848    
 -0.1501671     ,  0.9985085    
 -0.1551121     ,  0.9978078    
 -0.1600535     ,  0.9970829    
 -0.1649911     ,  0.9963338    
 -0.1699248     ,  0.9955605    
 -0.1748545     ,  0.9947630    
 -0.1797801     ,  0.9939413    
 -0.1847014     ,  0.9930955    
 -0.1896184     ,  0.9922256    
 -0.1945309     ,  0.9913316    
 -0.1994388     ,  0.9904135    
 -0.2043420     ,  0.9894714    
 -0.2092404     ,  0.9885052    
 -0.2141338     ,  0.9875152    
 -0.2190221     ,  0.9865011    
 -0.2239053     ,  0.9854631    
 -0.2287831     ,  0.9844012    
 -0.2336555     ,  0.9833155    
 -0.2385224     ,  0.9822059    
 -0.2433836     ,  0.9810725    
 -0.2482390     ,  0.9799153    
 -0.2530886     ,  0.9787344    
 -0.2579321     ,  0.9775297    
 -0.2627695     ,  0.9763014    
 -0.2676007     ,  0.9750494    
 -0.2724255     ,  0.9737738    
 -0.2772439     ,  0.9724746    
 -0.2820556     ,  0.9711518    
 -0.2868607     ,  0.9698056    
 -0.2916589     ,  0.9684359    
 -0.2964502     ,  0.9670427    
 -0.3012345     ,  0.9656262    
 -0.3060116     ,  0.9641863    
 -0.3107814     ,  0.9627230    
 -0.3155439     ,  0.9612365    
 -0.3202988     ,  0.9597267    
 -0.3250461     ,  0.9581937    
 -0.3297857     ,  0.9566376    
 -0.3345174     ,  0.9550583    
 -0.3392412     ,  0.9534559    
 -0.3439569     ,  0.9518305    
 -0.3486644     ,  0.9501821    
 -0.3533637     ,  0.9485107    
 -0.3580545     ,  0.9468164    
 -0.3627368     ,  0.9450993    
 -0.3674105     ,  0.9433593    
 -0.3720754     ,  0.9415966    
 -0.3767315     ,  0.9398111    
 -0.3813786     ,  0.9380029    
 -0.3860166     ,  0.9361722    
 -0.3906455     ,  0.9343188    
 -0.3952650     ,  0.9324430    
 -0.3998752     ,  0.9305446    
 -0.4044758     ,  0.9286237    
 -0.4090669     ,  0.9266805    
 -0.4136482     ,  0.9247149    
 -0.4182196     ,  0.9227270    
 -0.4227811     ,  0.9207169    
 -0.4273326     ,  0.9186847    
 -0.4318739     ,  0.9166303    
 -0.4364049     ,  0.9145538    
 -0.4409255     ,  0.9124553    
 -0.4454357     ,  0.9103348    
 -0.4499352     ,  0.9081923    
 -0.4544241     ,  0.9060281    
 -0.4589022     ,  0.9038420    
 -0.4633693     ,  0.9016342    
 -0.4678254     ,  0.8994047    
 -0.4722705     ,  0.8971536    
 -0.4767042     ,  0.8948808    
 -0.4811267     ,  0.8925866    
 -0.4855377     ,  0.8902709    
 -0.4899372     ,  0.8879338    
 -0.4943251     ,  0.8855753    
 -0.4987012     ,  0.8831955    
 -0.5030655     ,  0.8807945    
 -0.5074178     ,  0.8783724    
 -0.5117581     ,  0.8759291    
 -0.5160862     ,  0.8734648    
 -0.5204021     ,  0.8709795    
 -0.5247056     ,  0.8684734    
 -0.5289966     ,  0.8659464    
 -0.5332751     ,  0.8633986    
 -0.5375410     ,  0.8608301    
 -0.5417941     ,  0.8582410    
 -0.5460343     ,  0.8556312    
 -0.5502616     ,  0.8530009    
 -0.5544758     ,  0.8503502    
 -0.5586768     ,  0.8476791    
 -0.5628647     ,  0.8449876    
 -0.5670391     ,  0.8422759    
 -0.5712001     ,  0.8395441    
 -0.5753476     ,  0.8367921    
 -0.5794814     ,  0.8340200    
 -0.5836015     ,  0.8312280    
 -0.5877078     ,  0.8284161    
 -0.5918002     ,  0.8255844    
 -0.5958785     ,  0.8227328    
 -0.5999427     ,  0.8198616    
 -0.6039927     ,  0.8169708    
 -0.6080284     ,  0.8140604    
 -0.6120497     ,  0.8111305    
 -0.6160565     ,  0.8081813    
 -0.6200487     ,  0.8052127    
 -0.6240262     ,  0.8022248    
 -0.6279890     ,  0.7992178    
 -0.6319369     ,  0.7961917    
 -0.6358699     ,  0.7931466    
 -0.6397878     ,  0.7900825    
 -0.6436906     ,  0.7869995    
 -0.6475782     ,  0.7838977    
 -0.6514505     ,  0.7807772    
 -0.6553073     ,  0.7776381    
 -0.6591486     ,  0.7744804    
 -0.6629744     ,  0.7713042    
 -0.6667845     ,  0.7681097    
 -0.6705789     ,  0.7648968    
 -0.6743574     ,  0.7616656    
 -0.6781200     ,  0.7584162    
 -0.6818666     ,  0.7551488    
 -0.6855971     ,  0.7518634    
 -0.6893114     ,  0.7485601    
 -0.6930094     ,  0.7452389    
 -0.6966911     ,  0.7419000    
 -0.7003563     ,  0.7385433    
 -0.7040050     ,  0.7351691    
 -0.7076371     ,  0.7317774    
 -0.7112526     ,  0.7283682    
 -0.7148512     ,  0.7249417    
 -0.7184330     ,  0.7214980    
 -0.7219979     ,  0.7180370    
 -0.7255457     ,  0.7145590    
 -0.7290764     ,  0.7110639    
 -0.7325900     ,  0.7075520    
 -0.7360863     ,  0.7040232    
 -0.7395653     ,  0.7004777    
 -0.7430269     ,  0.6969155    
 -0.7464709     ,  0.6933368    
 -0.7498974     ,  0.6897416    
 -0.7533063     ,  0.6861299    
 -0.7566974     ,  0.6825020    
 -0.7600707     ,  0.6788579    
 -0.7634262     ,  0.6751977    
 -0.7667637     ,  0.6715214    
 -0.7700831     ,  0.6678292    
 -0.7733845     ,  0.6641211    
 -0.7766677     ,  0.6603972    
 -0.7799327     ,  0.6566577    
 -0.7831793     ,  0.6529026    
 -0.7864075     ,  0.6491320    
 -0.7896172     ,  0.6453460    
 -0.7928085     ,  0.6415448    
 -0.7959810     ,  0.6377283    
 -0.7991350     ,  0.6338966    
 -0.8022701     ,  0.6300500    
 -0.8053864     ,  0.6261884    
 -0.8084838     ,  0.6223119    
 -0.8115623     ,  0.6184208    
 -0.8146217     ,  0.6145149    
 -0.8176621     ,  0.6105946    
 -0.8206832     ,  0.6066597    
 -0.8236852     ,  0.6027105    
 -0.8266678     ,  0.5987470    
 -0.8296310     ,  0.5947694    
 -0.8325748     ,  0.5907776    
 -0.8354992     ,  0.5867720    
 -0.8384039     ,  0.5827524    
 -0.8412891     ,  0.5787190    
 -0.8441545     ,  0.5746720    
 -0.8470002     ,  0.5706114    
 -0.8498261     ,  0.5665373    
 -0.8526321     ,  0.5624498    
 -0.8554181     ,  0.5583490    
 -0.8581842     ,  0.5542349    
 -0.8609302     ,  0.5501078    
 -0.8636561     ,  0.5459678    
 -0.8663618     ,  0.5418147    
 -0.8690472     ,  0.5376490    
 -0.8717124     ,  0.5334705    
 -0.8743572     ,  0.5292794    
 -0.8769816     ,  0.5250759    
 -0.8795854     ,  0.5208599    
 -0.8821688     ,  0.5166317    
 -0.8847316     ,  0.5123912    
 -0.8872737     ,  0.5081387    
 -0.8897952     ,  0.5038741    
 -0.8922959     ,  0.4995977    
 -0.8947758     ,  0.4953095    
 -0.8972349     ,  0.4910097    
 -0.8996730     ,  0.4866982    
 -0.9020901     ,  0.4823753    
 -0.9044863     ,  0.4780411    
 -0.9068614     ,  0.4736955    
 -0.9092153     ,  0.4693388    
 -0.9115481     ,  0.4649710    
 -0.9138597     ,  0.4605923    
 -0.9161500     ,  0.4562028    
 -0.9184190     ,  0.4518025    
 -0.9206666     ,  0.4473915    
 -0.9228929     ,  0.4429700    
 -0.9250976     ,  0.4385381    
 -0.9272809     ,  0.4340959    
 -0.9294426     ,  0.4296435    
 -0.9315827     ,  0.4251809    
 -0.9337012     ,  0.4207083    
 -0.9357979     ,  0.4162259    
 -0.9378729     ,  0.4117336    
 -0.9399262     ,  0.4072317    
 -0.9419577     ,  0.4027201    
 -0.9439672     ,  0.3981991    
 -0.9459549     ,  0.3936688    
 -0.9479206     ,  0.3891292    
 -0.9498643     ,  0.3845804    
 -0.9517860     ,  0.3800226    
 -0.9536856     ,  0.3754559    
 -0.9555632     ,  0.3708803    
 -0.9574186     ,  0.3662960    
 -0.9592518     ,  0.3617031    
 -0.9610627     ,  0.3571017    
 -0.9628515     ,  0.3524919    
 -0.9646179     ,  0.3478738    
 -0.9663620     ,  0.3432476    
 -0.9680837     ,  0.3386133    
 -0.9697831     ,  0.3339710    
 -0.9714600     ,  0.3293209    
 -0.9731144     ,  0.3246630    
 -0.9747463     ,  0.3199975    
 -0.9763557     ,  0.3153245    
 -0.9779426     ,  0.3106441    
 -0.9795068     ,  0.3059564    
 -0.9810484     ,  0.3012615    
 -0.9825674     ,  0.2965595    
 -0.9840636     ,  0.2918506    
 -0.9855372     ,  0.2871348    
 -0.9869879     ,  0.2824122    
 -0.9884160     ,  0.2776830    
 -0.9898211     ,  0.2729473    
 -0.9912035     ,  0.2682052    
 -0.9925630     ,  0.2634568    
 -0.9938996     ,  0.2587022    
 -0.9952133     ,  0.2539414    
 -0.9965041     ,  0.2491748    
 -0.9977719     ,  0.2444022    
 -0.9990167     ,  0.2396240    
  -1.000239     ,  0.2348401    
  -1.001437     ,  0.2300506    
  -1.002613     ,  0.2252558    
  -1.003766     ,  0.2204556    
  -1.004895     ,  0.2156503    
  -1.006002     ,  0.2108398    
  -1.007085     ,  0.2060245    
  -1.008145     ,  0.2012042    
  -1.009182     ,  0.1963792    
  -1.010196     ,  0.1915496    
  -1.011186     ,  0.1867155    
  -1.012153     ,  0.1818769    
  -1.013097     ,  0.1770341    
  -1.014018     ,  0.1721871    
  -1.014916     ,  0.1673360    
  -1.015790     ,  0.1624810    
  -1.016641     ,  0.1576221    
  -1.017468     ,  0.1527595    
  -1.018273     ,  0.1478932    
  -1.019053     ,  0.1430235    
  -1.019811     ,  0.1381504    
  -1.020545     ,  0.1332739    
  -1.021256     ,  0.1283944    
  -1.021943     ,  0.1235117    
  -1.022607     ,  0.1186261    
  -1.023247     ,  0.1137377    
  -1.023864     ,  0.1088466    
  -1.024458     ,  0.1039528    
  -1.025028     ,  9.9056616E-02
  -1.025575     ,  9.4158001E-02
  -1.026098     ,  8.9257121E-02
  -1.026598     ,  8.4354088E-02
  -1.027074     ,  7.9449013E-02
  -1.027527     ,  7.4542008E-02
  -1.027956     ,  6.9633186E-02
  -1.028362     ,  6.4722657E-02
  -1.028744     ,  5.9810538E-02
  -1.029103     ,  5.4896940E-02
  -1.029438     ,  4.9981974E-02
  -1.029750     ,  4.5065753E-02
  -1.030038     ,  4.0148392E-02
  -1.030303     ,  3.5230003E-02
  -1.030545     ,  3.0310698E-02
  -1.030762     ,  2.5390588E-02
  -1.030957     ,  2.0469787E-02
  -1.031127     ,  1.5548406E-02
  -1.031275     ,  1.0626559E-02
  -1.031398     ,  5.7043578E-03
  -1.031499     ,  7.8191422E-04
  -1.031575     , -4.1406592E-03
  -1.031629     , -9.0632504E-03
  -1.031658     , -1.3985747E-02
  -1.031665     , -1.8908039E-02
  -1.031648     , -2.3830011E-02
  -1.031607     , -2.8751554E-02
  -1.031543     , -3.3672553E-02
  -1.031455     , -3.8592897E-02
  -1.031344     , -4.3512478E-02
  -1.031209     , -4.8431180E-02
  -1.031052     , -5.3348895E-02
  -1.030870     , -5.8265507E-02
  -1.030665     , -6.3180909E-02
  -1.030437     , -6.8094984E-02
  -1.030185     , -7.3007628E-02
  -1.029910     , -7.7918723E-02
  -1.029612     , -8.2828164E-02
  -1.029290     , -8.7735839E-02
  -1.028945     , -9.2641637E-02
  -1.028577     , -9.7545445E-02
  -1.028185     , -0.1024472    
  -1.027770     , -0.1073466    
  -1.027331     , -0.1122438    
  -1.026870     , -0.1171386    
  -1.026385     , -0.1220308    
  -1.025876     , -0.1269203    
  -1.025345     , -0.1318071    
  -1.024790     , -0.1366910    
  -1.024212     , -0.1415719    
  -1.023611     , -0.1464497    
  -1.022987     , -0.1513244    
  -1.022340     , -0.1561957    
  -1.021669     , -0.1610636    
  -1.020975     , -0.1659280    
  -1.020259     , -0.1707887    
  -1.019519     , -0.1756457    
  -1.018756     , -0.1804988    
  -1.017970     , -0.1853480    
  -1.017161     , -0.1901931    
  -1.016330     , -0.1950340    
  -1.015475     , -0.1998706    
  -1.014597     , -0.2047028    
  -1.013697     , -0.2095305    
  -1.012773     , -0.2143536    
  -1.011827     , -0.2191719    
  -1.010858     , -0.2239855    
  -1.009866     , -0.2287941    
  -1.008851     , -0.2335976    
  -1.007814     , -0.2383960    
  -1.006754     , -0.2431892    
  -1.005671     , -0.2479769    
  -1.004565     , -0.2527592    
  -1.003437     , -0.2575359    
  -1.002287     , -0.2623070    
  -1.001113     , -0.2670722    
 -0.9999175     , -0.2718316    
 -0.9986992     , -0.2765849    
 -0.9974585     , -0.2813322    
 -0.9961953     , -0.2860732    
 -0.9949097     , -0.2908079    
 -0.9936017     , -0.2955362    
 -0.9922714     , -0.3002580    
 -0.9909188     , -0.3049731    
 -0.9895440     , -0.3096815    
 -0.9881469     , -0.3143830    
 -0.9867276     , -0.3190776    
 -0.9852862     , -0.3237652    
 -0.9838226     , -0.3284456    
 -0.9823370     , -0.3331187    
 -0.9808293     , -0.3377845    
 -0.9792996     , -0.3424428    
 -0.9777480     , -0.3470936    
 -0.9761744     , -0.3517367    
 -0.9745790     , -0.3563720    
 -0.9729617     , -0.3609995    
 -0.9713225     , -0.3656190    
 -0.9696617     , -0.3702304    
 -0.9679791     , -0.3748336    
 -0.9662748     , -0.3794286    
 -0.9645489     , -0.3840151    
 -0.9628014     , -0.3885932    
 -0.9610323     , -0.3931627    
 -0.9592417     , -0.3977236    
 -0.9574297     , -0.4022756    
 -0.9555963     , -0.4068188    
 -0.9537414     , -0.4113530    
 -0.9518653     , -0.4158781    
 -0.9499679     , -0.4203941    
 -0.9480493     , -0.4249007    
 -0.9461095     , -0.4293980    
 -0.9441485     , -0.4338858    
 -0.9421664     , -0.4383641    
 -0.9401634     , -0.4428326    
 -0.9381393     , -0.4472915    
 -0.9360943     , -0.4517404    
 -0.9340284     , -0.4561794    
 -0.9319416     , -0.4606083    
 -0.9298341     , -0.4650271    
 -0.9277058     , -0.4694356    
 -0.9255568     , -0.4738338    
 -0.9233872     , -0.4782215    
 -0.9211970     , -0.4825987    
 -0.9189863     , -0.4869653    
 -0.9167551     , -0.4913211    
 -0.9145035     , -0.4956661    
 -0.9122314     , -0.5000002    
 -0.9099392     , -0.5043233    
 -0.9076266     , -0.5086353    
 -0.9052939     , -0.5129361    
 -0.9029410     , -0.5172256    
 -0.9005680     , -0.5215037    
 -0.8981750     , -0.5257703    
 -0.8957620     , -0.5300254    
 -0.8933290     , -0.5342688    
 -0.8908762     , -0.5385004    
 -0.8884037     , -0.5427203    
 -0.8859113     , -0.5469282    
 -0.8833993     , -0.5511240    
 -0.8808677     , -0.5553078    
 -0.8783165     , -0.5594794    
 -0.8757458     , -0.5636386    
 -0.8731556     , -0.5677854    
 -0.8705460     , -0.5719198    
 -0.8679172     , -0.5760416    
 -0.8652691     , -0.5801508    
 -0.8626018     , -0.5842472    
 -0.8599153     , -0.5883308    
 -0.8572098     , -0.5924015    
 -0.8544853     , -0.5964592    
 -0.8517418     , -0.6005038    
 -0.8489795     , -0.6045352    
 -0.8461983     , -0.6085533    
 -0.8433984     , -0.6125581    
 -0.8405798     , -0.6165495    
 -0.8377426     , -0.6205273    
 -0.8348868     , -0.6244916    
 -0.8320126     , -0.6284421    
 -0.8291199     , -0.6323789    
 -0.8262089     , -0.6363018    
 -0.8232796     , -0.6402107    
 -0.8203321     , -0.6441056    
 -0.8173665     , -0.6479864    
 -0.8143828     , -0.6518530    
 -0.8113810     , -0.6557054    
 -0.8083614     , -0.6595434    
 -0.8053239     , -0.6633670    
 -0.8022686     , -0.6671760    
 -0.7991955     , -0.6709704    
 -0.7961048     , -0.6747502    
 -0.7929966     , -0.6785152    
 -0.7898708     , -0.6822653    
 -0.7867275     , -0.6860006    
 -0.7835670     , -0.6897208    
 -0.7803891     , -0.6934260    
 -0.7771940     , -0.6971160    
 -0.7739817     , -0.7007907    
 -0.7707524     , -0.7044501    
 -0.7675060     , -0.7080942    
 -0.7642427     , -0.7117227    
 -0.7609626     , -0.7153358    
 -0.7576657     , -0.7189332    
 -0.7543521     , -0.7225149    
 -0.7510219     , -0.7260809    
 -0.7476751     , -0.7296310    
 -0.7443119     , -0.7331651    
 -0.7409322     , -0.7366833    
 -0.7375363     , -0.7401854    
 -0.7341241     , -0.7436714    
 -0.7306957     , -0.7471411    
 -0.7272513     , -0.7505945    
 -0.7237909     , -0.7540315    
 -0.7203145     , -0.7574522    
 -0.7168223     , -0.7608563    
 -0.7133143     , -0.7642439    
 -0.7097906     , -0.7676148    
 -0.7062514     , -0.7709690    
 -0.7026966     , -0.7743064    
 -0.6991263     , -0.7776269    
 -0.6955407     , -0.7809305    
 -0.6919398     , -0.7842171    
 -0.6883237     , -0.7874866    
 -0.6846924     , -0.7907389    
 -0.6810462     , -0.7939741    
 -0.6773850     , -0.7971920    
 -0.6737089     , -0.8003925    
 -0.6700180     , -0.8035756    
 -0.6663123     , -0.8067413    
 -0.6625921     , -0.8098894    
 -0.6588573     , -0.8130199    
 -0.6551081     , -0.8161328    
 -0.6513445     , -0.8192279    
 -0.6475666     , -0.8223052    
 -0.6437745     , -0.8253646    
 -0.6399683     , -0.8284062    
 -0.6361480     , -0.8314297    
 -0.6323138     , -0.8344351    
 -0.6284658     , -0.8374224    
 -0.6246039     , -0.8403916    
 -0.6207284     , -0.8433425    
 -0.6168393     , -0.8462751    
 -0.6129367     , -0.8491893    
 -0.6090206     , -0.8520852    
 -0.6050912     , -0.8549625    
 -0.6011485     , -0.8578213    
 -0.5971927     , -0.8606616    
 -0.5932238     , -0.8634831    
 -0.5892419     , -0.8662860    
 -0.5852472     , -0.8690701    
 -0.5812396     , -0.8718353    
 -0.5772192     , -0.8745816    
 -0.5731863     , -0.8773090    
 -0.5691408     , -0.8800174    
 -0.5650828     , -0.8827068    
 -0.5610126     , -0.8853770    
 -0.5569300     , -0.8880281    
 -0.5528353     , -0.8906599    
 -0.5487285     , -0.8932725    
 -0.5446097     , -0.8958657    
 -0.5404789     , -0.8984396    
 -0.5363364     , -0.9009940    
 -0.5321822     , -0.9035289    
 -0.5280163     , -0.9060443    
 -0.5238388     , -0.9085401    
 -0.5196499     , -0.9110163    
 -0.5154497     , -0.9134728    
 -0.5112382     , -0.9159095    
 -0.5070155     , -0.9183265    
 -0.5027818     , -0.9207236    
 -0.4985371     , -0.9231008    
 -0.4942815     , -0.9254581    
 -0.4900151     , -0.9277954    
 -0.4857379     , -0.9301126    
 -0.4814502     , -0.9324098    
 -0.4771520     , -0.9346868    
 -0.4728434     , -0.9369437    
 -0.4685244     , -0.9391804    
 -0.4641953     , -0.9413968    
 -0.4598559     , -0.9435928    
 -0.4555066     , -0.9457686    
 -0.4511473     , -0.9479240    
 -0.4467781     , -0.9500589    
 -0.4423993     , -0.9521733    
 -0.4380107     , -0.9542672    
 -0.4336126     , -0.9563406    
 -0.4292051     , -0.9583933    
 -0.4247881     , -0.9604253    
 -0.4203620     , -0.9624367    
 -0.4159266     , -0.9644273    
 -0.4114822     , -0.9663972    
 -0.4070288     , -0.9683462    
 -0.4025665     , -0.9702744    
 -0.3980955     , -0.9721818    
 -0.3936157     , -0.9740682    
 -0.3891274     , -0.9759337    
 -0.3846306     , -0.9777781    
 -0.3801254     , -0.9796016    
 -0.3756119     , -0.9814039    
 -0.3710903     , -0.9831851    
 -0.3665605     , -0.9849452    
 -0.3620227     , -0.9866841    
 -0.3574771     , -0.9884018    
 -0.3529236     , -0.9900982    
 -0.3483624     , -0.9917733    
 -0.3437937     , -0.9934272    
 -0.3392175     , -0.9950597    
 -0.3346338     , -0.9966708    
 -0.3300428     , -0.9982605    
 -0.3254447     , -0.9998288    
 -0.3208395     ,  -1.001376    
 -0.3162272     ,  -1.002901    
 -0.3116081     ,  -1.004405    
 -0.3069821     ,  -1.005887    
 -0.3023495     ,  -1.007347    
 -0.2977102     ,  -1.008786    
 -0.2930645     ,  -1.010204    
 -0.2884124     ,  -1.011599    
 -0.2837539     ,  -1.012973    
 -0.2790893     ,  -1.014325    
 -0.2744186     ,  -1.015656    
 -0.2697419     ,  -1.016965    
 -0.2650593     ,  -1.018252    
 -0.2603709     ,  -1.019517    
 -0.2556768     ,  -1.020760    
 -0.2509772     ,  -1.021981    
 -0.2462720     ,  -1.023181    
 -0.2415615     ,  -1.024358    
 -0.2368457     ,  -1.025514    
 -0.2321247     ,  -1.026647    
 -0.2273986     ,  -1.027759    
 -0.2226676     ,  -1.028849    
 -0.2179317     ,  -1.029916    
 -0.2131910     ,  -1.030962    
 -0.2084456     ,  -1.031985    
 -0.2036957     ,  -1.032986    
 -0.1989413     ,  -1.033966    
 -0.1941825     ,  -1.034923    
 -0.1894195     ,  -1.035858    
 -0.1846523     ,  -1.036770    
 -0.1798811     ,  -1.037661    
 -0.1751059     ,  -1.038530    
 -0.1703269     ,  -1.039376    
 -0.1655441     ,  -1.040200    
 -0.1607576     ,  -1.041002    
 -0.1559677     ,  -1.041781    
 -0.1511743     ,  -1.042538    
 -0.1463775     ,  -1.043273    
 -0.1415775     ,  -1.043986    
 -0.1367744     ,  -1.044676    
 -0.1319683     ,  -1.045344    
 -0.1271592     ,  -1.045990    
 -0.1223474     ,  -1.046613    
 -0.1175328     ,  -1.047214    
 -0.1127155     ,  -1.047793    
 -0.1078958     ,  -1.048349    
 -0.1030737     ,  -1.048883    
 -9.8249264E-02 ,  -1.049395    
 -9.3422629E-02 ,  -1.049884    
 -8.8593893E-02 ,  -1.050351    
 -8.3763167E-02 ,  -1.050795    
 -7.8930549E-02 ,  -1.051217    
 -7.4096143E-02 ,  -1.051616    
 -6.9260053E-02 ,  -1.051993    
 -6.4422384E-02 ,  -1.052348    
 -5.9583236E-02 ,  -1.052680    
 -5.4742713E-02 ,  -1.052990    
 -4.9900919E-02 ,  -1.053277    
 -4.5057956E-02 ,  -1.053542    
 -4.0213931E-02 ,  -1.053784    
 -3.5368945E-02 ,  -1.054004    
 -3.0523101E-02 ,  -1.054201    
 -2.5676504E-02 ,  -1.054376    
 -2.0829255E-02 ,  -1.054529    
 -1.5981460E-02 ,  -1.054659    
 -1.1133221E-02 ,  -1.054766    
 -6.2846411E-03 ,  -1.054851    
 -1.4358242E-03 ,  -1.054914    
  3.4131266E-03 ,  -1.054954    
  8.2621081E-03 ,  -1.054972    
  1.3111017E-02 ,  -1.054967    
  1.7959749E-02 ,  -1.054940    
  2.2808203E-02 ,  -1.054890    
  2.7656274E-02 ,  -1.054818    
  3.2503858E-02 ,  -1.054723    
  3.7350856E-02 ,  -1.054606    
  4.2197160E-02 ,  -1.054467    
  4.7042672E-02 ,  -1.054305    
  5.1887285E-02 ,  -1.054120    
  5.6730896E-02 ,  -1.053913    
  6.1573405E-02 ,  -1.053684    
  6.6414706E-02 ,  -1.053432    
  7.1254700E-02 ,  -1.053158    
  7.6093279E-02 ,  -1.052862    
  8.0930345E-02 ,  -1.052543    
  8.5765794E-02 ,  -1.052202    
  9.0599522E-02 ,  -1.051838    
  9.5431432E-02 ,  -1.051453    
  0.1002614     ,  -1.051044    
  0.1050894     ,  -1.050614    
  0.1099152     ,  -1.050161    
  0.1147388     ,  -1.049685    
  0.1195600     ,  -1.049188    
  0.1243789     ,  -1.048668    
  0.1291952     ,  -1.048126    
  0.1340088     ,  -1.047562    
  0.1388197     ,  -1.046975    
  0.1436277     ,  -1.046366    
  0.1484329     ,  -1.045735    
  0.1532349     ,  -1.045082    
  0.1580338     ,  -1.044406    
  0.1628295     ,  -1.043709    
  0.1676218     ,  -1.042989    
  0.1724107     ,  -1.042247    
  0.1771960     ,  -1.041483    
  0.1819776     ,  -1.040697    
  0.1867555     ,  -1.039889    
  0.1915296     ,  -1.039058    
  0.1962996     ,  -1.038206    
  0.2010657     ,  -1.037331    
  0.2058275     ,  -1.036435    
  0.2105851     ,  -1.035517    
  0.2153383     ,  -1.034576    
  0.2200871     ,  -1.033614    
  0.2248313     ,  -1.032630    
  0.2295709     ,  -1.031624    
  0.2343057     ,  -1.030596    
  0.2390356     ,  -1.029546    
  0.2437606     ,  -1.028475    
  0.2484805     ,  -1.027381    
  0.2531952     ,  -1.026266    
  0.2579047     ,  -1.025129    
  0.2626088     ,  -1.023971    
  0.2673075     ,  -1.022790    
  0.2720006     ,  -1.021588    
  0.2766880     ,  -1.020365    
  0.2813697     ,  -1.019119    
  0.2860455     ,  -1.017853    
  0.2907154     ,  -1.016564    
  0.2953792     ,  -1.015254    
  0.3000369     ,  -1.013923    
  0.3046883     ,  -1.012570    
  0.3093334     ,  -1.011195    
  0.3139721     ,  -1.009800    
  0.3186042     ,  -1.008382    
  0.3232296     ,  -1.006944    
  0.3278484     ,  -1.005484    
  0.3324603     ,  -1.004003    
  0.3370652     ,  -1.002501    
  0.3416632     ,  -1.000977    
  0.3462541     , -0.9994323    
  0.3508376     , -0.9978664    
  0.3554139     , -0.9962794    
  0.3599828     , -0.9946713    
  0.3645442     , -0.9930422    
  0.3690979     , -0.9913920    
  0.3736440     , -0.9897209    
  0.3781823     , -0.9880288    
  0.3827127     , -0.9863158    
  0.3872351     , -0.9845820    
  0.3917494     , -0.9828274    
  0.3962556     , -0.9810519    
  0.4007535     , -0.9792557    
  0.4052430     , -0.9774389    
  0.4097240     , -0.9756013    
  0.4141965     , -0.9737431    
  0.4186604     , -0.9718644    
  0.4231155     , -0.9699651    
  0.4275618     , -0.9680453    
  0.4319991     , -0.9661050    
  0.4364275     , -0.9641443    
  0.4408467     , -0.9621633    
  0.4452568     , -0.9601619    
  0.4496575     , -0.9581402    
  0.4540488     , -0.9560983    
  0.4584307     , -0.9540361    
  0.4628030     , -0.9519538    
  0.4671656     , -0.9498514    
  0.4715185     , -0.9477289    
  0.4758615     , -0.9455864    
  0.4801946     , -0.9434240    
  0.4845177     , -0.9412416    
  0.4888306     , -0.9390393    
  0.4931333     , -0.9368172    
  0.4974257     , -0.9345753    
  0.5017078     , -0.9323136    
  0.5059794     , -0.9300323    
  0.5102403     , -0.9277313    
  0.5144907     , -0.9254107    
  0.5187302     , -0.9230707    
  0.5229590     , -0.9207111    
  0.5271768     , -0.9183321    
  0.5313836     , -0.9159337    
  0.5355793     , -0.9135159    
  0.5397639     , -0.9110789    
  0.5439371     , -0.9086226    
  0.5480990     , -0.9061472    
  0.5522494     , -0.9036526    
  0.5563883     , -0.9011390    
  0.5605156     , -0.8986063    
  0.5646312     , -0.8960547    
  0.5687349     , -0.8934841    
  0.5728268     , -0.8908947    
  0.5769067     , -0.8882865    
  0.5809746     , -0.8856596    
  0.5850303     , -0.8830140    
  0.5890738     , -0.8803497    
  0.5931050     , -0.8776668    
  0.5971238     , -0.8749655    
  0.6011301     , -0.8722457    
  0.6051239     , -0.8695074    
  0.6091050     , -0.8667508    
  0.6130734     , -0.8639760    
  0.6170290     , -0.8611829    
  0.6209717     , -0.8583717    
  0.6249015     , -0.8555423    
  0.6288182     , -0.8526949    
  0.6327217     , -0.8498296    
  0.6366121     , -0.8469462    
  0.6404891     , -0.8440450    
  0.6443527     , -0.8411261    
  0.6482029     , -0.8381894    
  0.6520395     , -0.8352350    
  0.6558626     , -0.8322630    
  0.6596719     , -0.8292735    
  0.6634674     , -0.8262664    
  0.6672491     , -0.8232419    
  0.6710168     , -0.8202001    
  0.6747705     , -0.8171410    
  0.6785101     , -0.8140646    
  0.6822356     , -0.8109711    
  0.6859468     , -0.8078604    
  0.6896436     , -0.8047328    
  0.6933261     , -0.8015882    
  0.6969940     , -0.7984266    
  0.7006474     , -0.7952483    
  0.7042862     , -0.7920532    
  0.7079103     , -0.7888414    
  0.7115196     , -0.7856129    
  0.7151140     , -0.7823679    
  0.7186935     , -0.7791064    
  0.7222580     , -0.7758285    
  0.7258074     , -0.7725342    
  0.7293416     , -0.7692236    
  0.7328606     , -0.7658969    
  0.7363642     , -0.7625539    
  0.7398525     , -0.7591949    
  0.7433254     , -0.7558199    
  0.7467827     , -0.7524289    
  0.7502244     , -0.7490221    
  0.7536504     , -0.7455995    
  0.7570606     , -0.7421612    
  0.7604551     , -0.7387072    
  0.7638337     , -0.7352377    
  0.7671964     , -0.7317527    
  0.7705430     , -0.7282522    
  0.7738735     , -0.7247365    
  0.7771879     , -0.7212054    
  0.7804860     , -0.7176591    
  0.7837678     , -0.7140977    
  0.7870333     , -0.7105212    
  0.7902823     , -0.7069298    
  0.7935148     , -0.7033235    
  0.7967308     , -0.6997023    
  0.7999301     , -0.6960664    
  0.8031127     , -0.6924158    
  0.8062785     , -0.6887507    
  0.8094275     , -0.6850710    
  0.8125596     , -0.6813769    
  0.8156747     , -0.6776684    
  0.8187728     , -0.6739456    
  0.8218538     , -0.6702086    
  0.8249176     , -0.6664575    
  0.8279641     , -0.6626924    
  0.8309934     , -0.6589133    
  0.8340054     , -0.6551203    
  0.8369999     , -0.6513134    
  0.8399769     , -0.6474929    
  0.8429364     , -0.6436586    
  0.8458783     , -0.6398109    
  0.8488025     , -0.6359496    
  0.8517090     , -0.6320750    
  0.8545977     , -0.6281869    
  0.8574686     , -0.6242857    
  0.8603216     , -0.6203713    
  0.8631566     , -0.6164438    
  0.8659735     , -0.6125033    
  0.8687724     , -0.6085500    
  0.8715532     , -0.6045837    
  0.8743157     , -0.6006048    
  0.8770601     , -0.5966131    
  0.8797860     , -0.5926089    
  0.8824936     , -0.5885921    
  0.8851828     , -0.5845630    
  0.8878535     , -0.5805215    
  0.8905057     , -0.5764678    
  0.8931392     , -0.5724019    
  0.8957542     , -0.5683239    
  0.8983504     , -0.5642340    
  0.9009278     , -0.5601321    
  0.9034865     , -0.5560185    
  0.9060262     , -0.5518931    
  0.9085471     , -0.5477561    
  0.9110490     , -0.5436075    
  0.9135319     , -0.5394474    
  0.9159957     , -0.5352760    
  0.9184404     , -0.5310933    
  0.9208659     , -0.5268994    
  0.9232721     , -0.5226943    
  0.9256591     , -0.5184783    
  0.9280268     , -0.5142512    
  0.9303751     , -0.5100133    
  0.9327040     , -0.5057647    
  0.9350134     , -0.5015054    
  0.9373032     , -0.4972355    
  0.9395735     , -0.4929551    
  0.9418241     , -0.4886644    
  0.9440551     , -0.4843633    
  0.9462664     , -0.4800519    
  0.9484580     , -0.4757304    
  0.9506297     , -0.4713989    
  0.9527816     , -0.4670574    
  0.9549136     , -0.4627061    
  0.9570256     , -0.4583449    
  0.9591177     , -0.4539741    
  0.9611897     , -0.4495938    
  0.9632418     , -0.4452039    
  0.9652736     , -0.4408046    
  0.9672853     , -0.4363960    
  0.9692768     , -0.4319781    
  0.9712481     , -0.4275512    
  0.9731992     , -0.4231152    
  0.9751299     , -0.4186702    
  0.9770402     , -0.4142164    
  0.9789302     , -0.4097539    
  0.9807997     , -0.4052827    
  0.9826487     , -0.4008029    
  0.9844772     , -0.3963146    
  0.9862851     , -0.3918180    
  0.9880725     , -0.3873130    
  0.9898392     , -0.3827999    
  0.9915853     , -0.3782787    
  0.9933106     , -0.3737494    
  0.9950153     , -0.3692123    
  0.9966991     , -0.3646673    
  0.9983621     , -0.3601146    
   1.000004     , -0.3555543    
   1.001626     , -0.3509865    
   1.003226     , -0.3464112    
   1.004806     , -0.3418286    
   1.006364     , -0.3372387    
   1.007902     , -0.3326417    
   1.009418     , -0.3280376    
   1.010913     , -0.3234266    
   1.012388     , -0.3188087    
   1.013841     , -0.3141841    
   1.015273     , -0.3095528    
   1.016683     , -0.3049149    
   1.018073     , -0.3002706    
   1.019441     , -0.2956199    
   1.020788     , -0.2909629    
   1.022114     , -0.2862997    
   1.023418     , -0.2816305    
   1.024701     , -0.2769552    
   1.025963     , -0.2722741    
   1.027203     , -0.2675872    
   1.028422     , -0.2628945    
   1.029619     , -0.2581963    
   1.030795     , -0.2534926    
   1.031949     , -0.2487835    
   1.033082     , -0.2440691    
   1.034193     , -0.2393495    
   1.035282     , -0.2346248    
   1.036350     , -0.2298951    
   1.037396     , -0.2251605    
   1.038421     , -0.2204211    
   1.039424     , -0.2156770    
   1.040405     , -0.2109283    
   1.041365     , -0.2061751    
   1.042302     , -0.2014174    
   1.043218     , -0.1966555    
   1.044113     , -0.1918893    
   1.044985     , -0.1871191    
   1.045836     , -0.1823448    
   1.046664     , -0.1775666    
   1.047471     , -0.1727846    
   1.048256     , -0.1679989    
   1.049019     , -0.1632096    
   1.049761     , -0.1584168    
   1.050480     , -0.1536206    
   1.051177     , -0.1488210    
   1.051853     , -0.1440183    
   1.052506     , -0.1392124    
   1.053138     , -0.1344035    
   1.053747     , -0.1295917    
   1.054335     , -0.1247772    
   1.054901     , -0.1199599    
   1.055444     , -0.1151400    
   1.055965     , -0.1103176    
   1.056465     , -0.1054928    
   1.056942     , -0.1006656    
   1.057397     , -9.5836326E-02
   1.057831     , -9.1004908E-02
   1.058242     , -8.6171485E-02
   1.058631     , -8.1336163E-02
   1.058998     , -7.6499037E-02
   1.059343     , -7.1660213E-02
   1.059665     , -6.6819794E-02
   1.059966     , -6.1977878E-02
   1.060244     , -5.7134565E-02
   1.060501     , -5.2289959E-02
   1.060735     , -4.7444157E-02
   1.060947     , -4.2597264E-02
   1.061136     , -3.7749380E-02
   1.061304     , -3.2900609E-02
   1.061450     , -2.8051049E-02
   1.061573     , -2.3200801E-02
   1.061674     , -1.8349968E-02
   1.061753     , -1.3498650E-02
   1.061810     , -8.6469483E-03
   1.061845     , -3.7949649E-03
   1.061857     ,  1.0571991E-03
   1.061848     ,  5.9094424E-03
   1.061816     ,  1.0761663E-02
   1.061762     ,  1.5613761E-02
   1.061686     ,  2.0465635E-02
   1.061587     ,  2.5317183E-02
   1.061467     ,  3.0168302E-02
   1.061324     ,  3.5018895E-02
   1.061159     ,  3.9868858E-02
   1.060972     ,  4.4718087E-02
   1.060763     ,  4.9566485E-02
   1.060532     ,  5.4413948E-02
   1.060279     ,  5.9260376E-02
   1.060003     ,  6.4105667E-02
   1.059705     ,  6.8949722E-02
   1.059386     ,  7.3792443E-02
   1.059044     ,  7.8633718E-02
   1.058680     ,  8.3473459E-02
   1.058293     ,  8.8311553E-02
   1.057885     ,  9.3147904E-02
   1.057455     ,  9.7982414E-02
   1.057002     ,  0.1028150    
   1.056528     ,  0.1076455    
   1.056031     ,  0.1124739    
   1.055513     ,  0.1173000    
   1.054972     ,  0.1221238    
   1.054409     ,  0.1269451    
   1.053825     ,  0.1317639    
   1.053218     ,  0.1365800    
   1.052589     ,  0.1413934    
   1.051938     ,  0.1462040    
   1.051266     ,  0.1510115    
   1.050571     ,  0.1558161    
   1.049855     ,  0.1606174    
   1.049116     ,  0.1654156    
   1.048356     ,  0.1702103    
   1.047573     ,  0.1750017    
   1.046769     ,  0.1797894    
   1.045943     ,  0.1845736    
   1.045095     ,  0.1893539    
   1.044226     ,  0.1941305    
   1.043334     ,  0.1989030    
   1.042421     ,  0.2036715    
   1.041486     ,  0.2084359    
   1.040529     ,  0.2131960    
   1.039551     ,  0.2179518    
   1.038550     ,  0.2227031    
   1.037528     ,  0.2274499    
   1.036485     ,  0.2321920    
   1.035419     ,  0.2369294    
   1.034333     ,  0.2416619    
   1.033224     ,  0.2463895    
   1.032094     ,  0.2511121    
   1.030943     ,  0.2558295    
   1.029770     ,  0.2605417    
   1.028575     ,  0.2652485    
   1.027359     ,  0.2699499    
   1.026121     ,  0.2746458    
   1.024862     ,  0.2793360    
   1.023582     ,  0.2840205    
   1.022280     ,  0.2886992    
   1.020957     ,  0.2933720    
   1.019613     ,  0.2980387    
   1.018247     ,  0.3026994    
   1.016860     ,  0.3073538    
   1.015452     ,  0.3120019    
   1.014022     ,  0.3166435    
   1.012572     ,  0.3212787    
   1.011100     ,  0.3259073    
   1.009607     ,  0.3305292    
   1.008093     ,  0.3351442    
   1.006558     ,  0.3397524    
   1.005002     ,  0.3443536    
   1.003425     ,  0.3489477    
   1.001827     ,  0.3535347    
   1.000208     ,  0.3581143    
  0.9985682     ,  0.3626866    
  0.9969076     ,  0.3672514    
  0.9952261     ,  0.3718087    
  0.9935239     ,  0.3763583    
  0.9918009     ,  0.3809001    
  0.9900572     ,  0.3854341    
  0.9882928     ,  0.3899602    
  0.9865078     ,  0.3944782    
  0.9847022     ,  0.3989881    
  0.9828760     ,  0.4034898    
  0.9810293     ,  0.4079832    
  0.9791621     ,  0.4124681    
  0.9772744     ,  0.4169446    
  0.9753664     ,  0.4214124    
  0.9734379     ,  0.4258716    
  0.9714891     ,  0.4303220    
  0.9695201     ,  0.4347635    
  0.9675308     ,  0.4391960    
  0.9655213     ,  0.4436195    
  0.9634916     ,  0.4480338    
  0.9614418     ,  0.4524389    
  0.9593720     ,  0.4568346    
  0.9572821     ,  0.4612209    
  0.9551722     ,  0.4655977    
  0.9530423     ,  0.4699649    
  0.9508926     ,  0.4743223    
  0.9487230     ,  0.4786700    
  0.9465336     ,  0.4830078    
  0.9443244     ,  0.4873357    
  0.9420955     ,  0.4916534    
  0.9398469     ,  0.4959611    
  0.9375787     ,  0.5002584    
  0.9352909     ,  0.5045455    
  0.9329836     ,  0.5088221    
  0.9306569     ,  0.5130882    
  0.9283106     ,  0.5173438    
  0.9259450     ,  0.5215886    
  0.9235601     ,  0.5258226    
  0.9211559     ,  0.5300458    
  0.9187324     ,  0.5342581    
  0.9162897     ,  0.5384592    
  0.9138280     ,  0.5426493    
  0.9113471     ,  0.5468282    
  0.9088472     ,  0.5509958    
  0.9063283     ,  0.5551519    
  0.9037905     ,  0.5592966    
  0.9012339     ,  0.5634297    
  0.8986584     ,  0.5675512    
  0.8960642     ,  0.5716609    
  0.8934512     ,  0.5757589    
  0.8908196     ,  0.5798449    
  0.8881694     ,  0.5839189    
  0.8855007     ,  0.5879809    
  0.8828134     ,  0.5920308    
  0.8801077     ,  0.5960683    
  0.8773836     ,  0.6000936    
  0.8746412     ,  0.6041064    
  0.8718806     ,  0.6081068    
  0.8691018     ,  0.6120946    
  0.8663048     ,  0.6160697    
  0.8634897     ,  0.6200321    
  0.8606566     ,  0.6239817    
  0.8578055     ,  0.6279184    
  0.8549365     ,  0.6318420    
  0.8520496     ,  0.6357526    
  0.8491450     ,  0.6396501    
  0.8462226     ,  0.6435344    
  0.8432826     ,  0.6474053    
  0.8403249     ,  0.6512628    
  0.8373498     ,  0.6551069    
  0.8343571     ,  0.6589374    
  0.8313470     ,  0.6627543    
  0.8283195     ,  0.6665575    
  0.8252748     ,  0.6703469    
  0.8222129     ,  0.6741225    
  0.8191338     ,  0.6778840    
  0.8160375     ,  0.6816316    
  0.8129243     ,  0.6853651    
  0.8097940     ,  0.6890844    
  0.8066469     ,  0.6927894    
  0.8034829     ,  0.6964801    
  0.8003021     ,  0.7001564    
  0.7971047     ,  0.7038182    
  0.7938905     ,  0.7074655    
  0.7906598     ,  0.7110981    
  0.7874126     ,  0.7147160    
  0.7841490     ,  0.7183192    
  0.7808690     ,  0.7219074    
  0.7775727     ,  0.7254808    
  0.7742602     ,  0.7290391    
  0.7709315     ,  0.7325824    
  0.7675867     ,  0.7361105    
  0.7642259     ,  0.7396234    
  0.7608491     ,  0.7431210    
  0.7574565     ,  0.7466032    
  0.7540480     ,  0.7500700    
  0.7506239     ,  0.7535212    
  0.7471840     ,  0.7569569    
  0.7437286     ,  0.7603769    
  0.7402576     ,  0.7637811    
  0.7367712     ,  0.7671696    
  0.7332693     ,  0.7705422    
  0.7297522     ,  0.7738989    
  0.7262198     ,  0.7772396    
  0.7226723     ,  0.7805641    
  0.7191098     ,  0.7838726    
  0.7155322     ,  0.7871649    
  0.7119396     ,  0.7904408    
  0.7083322     ,  0.7937004    
  0.7047101     ,  0.7969436    
  0.7010732     ,  0.8001703    
  0.6974216     ,  0.8033805    
  0.6937555     ,  0.8065740    
  0.6900749     ,  0.8097509    
  0.6863800     ,  0.8129110    
  0.6826707     ,  0.8160543    
  0.6789471     ,  0.8191808    
  0.6752094     ,  0.8222903    
  0.6714576     ,  0.8253828    
  0.6676918     ,  0.8284582    
  0.6639120     ,  0.8315165    
  0.6601184     ,  0.8345576    
  0.6563110     ,  0.8375815    
  0.6524900     ,  0.8405880    
  0.6486552     ,  0.8435771    
  0.6448070     ,  0.8465489    
  0.6409453     ,  0.8495030    
  0.6370702     ,  0.8524397    
  0.6331818     ,  0.8553587    
  0.6292802     ,  0.8582600    
  0.6253655     ,  0.8611436    
  0.6214377     ,  0.8640094    
  0.6174970     ,  0.8668574    
  0.6135433     ,  0.8696874    
  0.6095769     ,  0.8724995    
  0.6055977     ,  0.8752935    
  0.6016060     ,  0.8780694    
  0.5976016     ,  0.8808272    
  0.5935848     ,  0.8835667    
  0.5895556     ,  0.8862880    
  0.5855141     ,  0.8889911    
  0.5814604     ,  0.8916757    
  0.5773945     ,  0.8943419    
  0.5733166     ,  0.8969896    
  0.5692267     ,  0.8996187    
  0.5651249     ,  0.9022294    
  0.5610114     ,  0.9048213    
  0.5568861     ,  0.9073946    
  0.5527492     ,  0.9099491    
  0.5486007     ,  0.9124848    
  0.5444409     ,  0.9150017    
  0.5402696     ,  0.9174997    
  0.5360871     ,  0.9199787    
  0.5318934     ,  0.9224387    
  0.5276886     ,  0.9248797    
  0.5234727     ,  0.9273015    
  0.5192460     ,  0.9297042    
  0.5150084     ,  0.9320878    
  0.5107601     ,  0.9344521    
  0.5065011     ,  0.9367970    
  0.5022315     ,  0.9391227    
  0.4979514     ,  0.9414289    
  0.4936610     ,  0.9437157    
  0.4893602     ,  0.9459830    
  0.4850492     ,  0.9482308    
  0.4807281     ,  0.9504590    
  0.4763969     ,  0.9526676    
  0.4720559     ,  0.9548565    
  0.4677049     ,  0.9570257    
  0.4633442     ,  0.9591752    
  0.4589738     ,  0.9613048    
  0.4545938     ,  0.9634147    
  0.4502044     ,  0.9655046    
  0.4458055     ,  0.9675747    
  0.4413973     ,  0.9696247    
  0.4369799     ,  0.9716548    
  0.4325534     ,  0.9736648    
  0.4281179     ,  0.9756547    
  0.4236734     ,  0.9776245    
  0.4192201     ,  0.9795741    
  0.4147580     ,  0.9815035    
  0.4102872     ,  0.9834127    
  0.4058079     ,  0.9853016    
  0.4013201     ,  0.9871701    
  0.3968239     ,  0.9890183    
  0.3923194     ,  0.9908462    
  0.3878068     ,  0.9926535    
  0.3832860     ,  0.9944405    
  0.3787572     ,  0.9962069    
  0.3742205     ,  0.9979528    
  0.3696760     ,  0.9996781    
  0.3651237     ,   1.001383    
  0.3605638     ,   1.003067    
  0.3559963     ,   1.004730    
  0.3514215     ,   1.006373    
  0.3468392     ,   1.007995    
  0.3422498     ,   1.009596    
  0.3376532     ,   1.011177    
  0.3330495     ,   1.012736    
  0.3284388     ,   1.014275    
  0.3238213     ,   1.015792    
  0.3191970     ,   1.017289    
  0.3145660     ,   1.018765    
  0.3099284     ,   1.020220    
  0.3052844     ,   1.021654    
  0.3006339     ,   1.023067    
  0.2959771     ,   1.024459    
  0.2913142     ,   1.025829    
  0.2866451     ,   1.027179    
  0.2819701     ,   1.028507    
  0.2772891     ,   1.029815    
  0.2726023     ,   1.031101    
  0.2679099     ,   1.032365    
  0.2632118     ,   1.033609    
  0.2585081     ,   1.034831    
  0.2537991     ,   1.036032    
  0.2490847     ,   1.037212    
  0.2443651     ,   1.038370    
  0.2396403     ,   1.039507    
  0.2349105     ,   1.040623    
  0.2301758     ,   1.041717    
  0.2254363     ,   1.042790    
  0.2206920     ,   1.043841    
  0.2159431     ,   1.044871    
  0.2111896     ,   1.045879    
  0.2064317     ,   1.046866    
  0.2016694     ,   1.047832    
  0.1969029     ,   1.048775    
  0.1921323     ,   1.049698    
  0.1873576     ,   1.050598    
  0.1825789     ,   1.051477    
  0.1777964     ,   1.052335    
  0.1730101     ,   1.053171    
  0.1682202     ,   1.053985    
  0.1634267     ,   1.054777    
  0.1586298     ,   1.055548    
  0.1538295     ,   1.056297    
  0.1490259     ,   1.057025    
  0.1442192     ,   1.057730    
  0.1394094     ,   1.058414    
  0.1345967     ,   1.059077    
  0.1297811     ,   1.059717    
  0.1249627     ,   1.060336    
  0.1201416     ,   1.060933    
  0.1153180     ,   1.061508    
  0.1104919     ,   1.062062    
  0.1056635     ,   1.062593    
  0.1008328     ,   1.063103    
  9.5999867E-02 ,   1.063591    
  9.1164909E-02 ,   1.064057    
  8.6327977E-02 ,   1.064502    
  8.1489176E-02 ,   1.064924    
  7.6648600E-02 ,   1.065325    
  7.1806356E-02 ,   1.065704    
  6.6962540E-02 ,   1.066061    
  6.2117249E-02 ,   1.066396    
  5.7270586E-02 ,   1.066709    
  5.2422650E-02 ,   1.067001    
  4.7573537E-02 ,   1.067270    
  4.2723350E-02 ,   1.067518    
  3.7872188E-02 ,   1.067743    
  3.3020150E-02 ,   1.067947    
  2.8167335E-02 ,   1.068129    
  2.3313843E-02 ,   1.068289    
  1.8459773E-02 ,   1.068427    
  1.3605226E-02 ,   1.068544    
  8.7503009E-03 ,   1.068638    
  3.8950969E-03 ,   1.068711    
 -9.6028601E-04 ,   1.068761    
 -5.8157486E-03 ,   1.068790    
 -1.0671192E-02 ,   1.068797    
 -1.5526515E-02 ,   1.068782    
 -2.0381620E-02 ,   1.068745    
 -2.5236407E-02 ,   1.068686    
 -3.0090777E-02 ,   1.068605    
 -3.4944631E-02 ,   1.068503    
 -3.9797869E-02 ,   1.068378    
 -4.4650391E-02 ,   1.068232    
 -4.9502101E-02 ,   1.068064    
 -5.4352898E-02 ,   1.067874    
 -5.9202682E-02 ,   1.067662    
 -6.4051352E-02 ,   1.067428    
 -6.8898812E-02 ,   1.067173    
 -7.3744960E-02 ,   1.066896    
 -7.8589700E-02 ,   1.066597    
 -8.3432935E-02 ,   1.066276    
 -8.8274568E-02 ,   1.065933    
 -9.3114495E-02 ,   1.065568    
 -9.7952619E-02 ,   1.065182    
 -0.1027888     ,   1.064774    
 -0.1076231     ,   1.064344    
 -0.1124552     ,   1.063893    
 -0.1172851     ,   1.063419    
 -0.1221127     ,   1.062924    
 -0.1269380     ,   1.062407    
 -0.1317607     ,   1.061869    
 -0.1365808     ,   1.061309    
 -0.1413983     ,   1.060727    
 -0.1462130     ,   1.060123    
 -0.1510248     ,   1.059498    
 -0.1558336     ,   1.058852    
 -0.1606393     ,   1.058183    
 -0.1654418     ,   1.057493    
 -0.1702411     ,   1.056782    
 -0.1750370     ,   1.056049    
 -0.1798294     ,   1.055294    
 -0.1846183     ,   1.054518    
 -0.1894035     ,   1.053720    
 -0.1941849     ,   1.052901    
 -0.1989625     ,   1.052061    
 -0.2037361     ,   1.051199    
 -0.2085057     ,   1.050315    
 -0.2132711     ,   1.049410    
 -0.2180323     ,   1.048484    
 -0.2227891     ,   1.047536    
 -0.2275415     ,   1.046568    
 -0.2322894     ,   1.045577    
 -0.2370326     ,   1.044566    
 -0.2417711     ,   1.043533    
 -0.2465048     ,   1.042479    
 -0.2512335     ,   1.041404    
 -0.2559573     ,   1.040307    
 -0.2606759     ,   1.039189    
 -0.2653894     ,   1.038051    
 -0.2700975     ,   1.036891    
 -0.2748003     ,   1.035709    
 -0.2794975     ,   1.034507    
 -0.2841892     ,   1.033284    
 -0.2888752     ,   1.032040    
 -0.2935554     ,   1.030775    
 -0.2982298     ,   1.029489    
 -0.3028981     ,   1.028181    
 -0.3075605     ,   1.026853    
 -0.3122167     ,   1.025505    
 -0.3168666     ,   1.024135    
 -0.3215102     ,   1.022744    
 -0.3261474     ,   1.021333    
 -0.3307781     ,   1.019901    
 -0.3354021     ,   1.018448    
 -0.3400194     ,   1.016975    
 -0.3446300     ,   1.015481    
 -0.3492336     ,   1.013966    
 -0.3538302     ,   1.012431    
 -0.3584198     ,   1.010875    
 -0.3630022     ,   1.009298    
 -0.3675773     ,   1.007701    
 -0.3721451     ,   1.006084    
 -0.3767054     ,   1.004446    
 -0.3812582     ,   1.002788    
 -0.3858034     ,   1.001110    
 -0.3903409     ,  0.9994110    
 -0.3948705     ,  0.9976920    
 -0.3993923     ,  0.9959527    
 -0.4039060     ,  0.9941933    
 -0.4084117     ,  0.9924137    
 -0.4129092     ,  0.9906140    
 -0.4173984     ,  0.9887942    
 -0.4218793     ,  0.9869544    
 -0.4263518     ,  0.9850946    
 -0.4308157     ,  0.9832149    
 -0.4352710     ,  0.9813152    
 -0.4397176     ,  0.9793956    
 -0.4441554     ,  0.9774563    
 -0.4485843     ,  0.9754971    
 -0.4530042     ,  0.9735182    
 -0.4574151     ,  0.9715196    
 -0.4618168     ,  0.9695013    
 -0.4662093     ,  0.9674634    
 -0.4705925     ,  0.9654060    
 -0.4749663     ,  0.9633290    
 -0.4793305     ,  0.9612325    
 -0.4836852     ,  0.9591166    
 -0.4880302     ,  0.9569814    
 -0.4923654     ,  0.9548267    
 -0.4966909     ,  0.9526528    
 -0.5010064     ,  0.9504595    
 -0.5053118     ,  0.9482471    
 -0.5096072     ,  0.9460156    
 -0.5138924     ,  0.9437649    
 -0.5181673     ,  0.9414952    
 -0.5224319     ,  0.9392064    
 -0.5266860     ,  0.9368987    
 -0.5309296     ,  0.9345721    
 -0.5351626     ,  0.9322266    
 -0.5393850     ,  0.9298623    
 -0.5435965     ,  0.9274793    
 -0.5477972     ,  0.9250775    
 -0.5519869     ,  0.9226571    
 -0.5561656     ,  0.9202181    
 -0.5603333     ,  0.9177604    
 -0.5644897     ,  0.9152843    
 -0.5686349     ,  0.9127898    
 -0.5727687     ,  0.9102768    
 -0.5768911     ,  0.9077455    
 -0.5810019     ,  0.9051959    
 -0.5851012     ,  0.9026281    
 -0.5891889     ,  0.9000420    
 -0.5932648     ,  0.8974378    
 -0.5973288     ,  0.8948156    
 -0.6013809     ,  0.8921753    
 -0.6054210     ,  0.8895171    
 -0.6094491     ,  0.8868409    
 -0.6134650     ,  0.8841469    
 -0.6174687     ,  0.8814352    
 -0.6214601     ,  0.8787056    
 -0.6254390     ,  0.8759584    
 -0.6294056     ,  0.8731936    
 -0.6333596     ,  0.8704112    
 -0.6373009     ,  0.8676113    
 -0.6412296     ,  0.8647940    
 -0.6451455     ,  0.8619593    
 -0.6490486     ,  0.8591073    
 -0.6529387     ,  0.8562379    
 -0.6568159     ,  0.8533514    
 -0.6606799     ,  0.8504478    
 -0.6645309     ,  0.8475270    
 -0.6683686     ,  0.8445893    
 -0.6721930     ,  0.8416346    
 -0.6760040     ,  0.8386629    
 -0.6798016     ,  0.8356745    
 -0.6835856     ,  0.8326693    
 -0.6873561     ,  0.8296473    
 -0.6911129     ,  0.8266087    
 -0.6948559     ,  0.8235536    
 -0.6985852     ,  0.8204818    
 -0.7023005     ,  0.8173937    
 -0.7060019     ,  0.8142891    
 -0.7096893     ,  0.8111682    
 -0.7133625     ,  0.8080311    
 -0.7170216     ,  0.8048778    
 -0.7206664     ,  0.8017083    
 -0.7242969     ,  0.7985228    
 -0.7279131     ,  0.7953212    
 -0.7315148     ,  0.7921038    
 -0.7351020     ,  0.7888705    
 -0.7386746     ,  0.7856213    
 -0.7422325     ,  0.7823565    
 -0.7457757     ,  0.7790760    
 -0.7493041     ,  0.7757798    
 -0.7528177     ,  0.7724682    
 -0.7563163     ,  0.7691411    
 -0.7598000     ,  0.7657986    
 -0.7632685     ,  0.7624407    
 -0.7667220     ,  0.7590677    
 -0.7701602     ,  0.7556794    
 -0.7735832     ,  0.7522761    
 -0.7769908     ,  0.7488577    
 -0.7803831     ,  0.7454243    
 -0.7837599     ,  0.7419761    
 -0.7871212     ,  0.7385130    
 -0.7904668     ,  0.7350352    
 -0.7937969     ,  0.7315426    
 -0.7971112     ,  0.7280355    
 -0.8004097     ,  0.7245138    
 -0.8036925     ,  0.7209777    
 -0.8069593     ,  0.7174271    
 -0.8102101     ,  0.7138623    
 -0.8134449     ,  0.7102832    
 -0.8166636     ,  0.7066900    
 -0.8198662     ,  0.7030826    
 -0.8230525     ,  0.6994612    
 -0.8262227     ,  0.6958258    
 -0.8293765     ,  0.6921766    
 -0.8325139     ,  0.6885136    
 -0.8356348     ,  0.6848368    
 -0.8387393     ,  0.6811464    
 -0.8418272     ,  0.6774424    
 -0.8448984     ,  0.6737249    
 -0.8479530     ,  0.6699940    
 -0.8509908     ,  0.6662498    
 -0.8540118     ,  0.6624922    
 -0.8570160     ,  0.6587215    
 -0.8600032     ,  0.6549377    
 -0.8629735     ,  0.6511408    
 -0.8659268     ,  0.6473310    
 -0.8688630     ,  0.6435083    
 -0.8717821     ,  0.6396728    
 -0.8746840     ,  0.6358245    
 -0.8775686     ,  0.6319636    
 -0.8804359     ,  0.6280901    
 -0.8832859     ,  0.6242042    
 -0.8861185     ,  0.6203058    
 -0.8889337     ,  0.6163951    
 -0.8917314     ,  0.6124721    
 -0.8945115     ,  0.6085370    
 -0.8972740     ,  0.6045897    
 -0.9000188     ,  0.6006305    
 -0.9027459     ,  0.5966593    
 -0.9054553     ,  0.5926763    
 -0.9081469     ,  0.5886815    
 -0.9108205     ,  0.5846750    
 -0.9134763     ,  0.5806568    
 -0.9161142     ,  0.5766272    
 -0.9187340     ,  0.5725861    
 -0.9213357     ,  0.5685337    
 -0.9239193     ,  0.5644699    
 -0.9264848     ,  0.5603950    
 -0.9290321     ,  0.5563089    
 -0.9315612     ,  0.5522118    
 -0.9340720     ,  0.5481037    
 -0.9365644     ,  0.5439848    
 -0.9390384     ,  0.5398551    
 -0.9414940     ,  0.5357147    
 -0.9439311     ,  0.5315637    
 -0.9463497     ,  0.5274022    
 -0.9487498     ,  0.5232301    
 -0.9511312     ,  0.5190477    
 -0.9534940     ,  0.5148551    
 -0.9558381     ,  0.5106522    
 -0.9581635     ,  0.5064393    
 -0.9604701     ,  0.5022163    
 -0.9627579     ,  0.4979833    
 -0.9650268     ,  0.4937405    
 -0.9672768     ,  0.4894879    
 -0.9695079     ,  0.4852256    
 -0.9717200     ,  0.4809537    
 -0.9739131     ,  0.4766723    
 -0.9760871     ,  0.4723814    
 -0.9782420     ,  0.4680812    
 -0.9803779     ,  0.4637718    
 -0.9824945     ,  0.4594532    
 -0.9845919     ,  0.4551255    
 -0.9866701     ,  0.4507887    
 -0.9887289     ,  0.4464431    
 -0.9907685     ,  0.4420886    
 -0.9927887     ,  0.4377254    
 -0.9947895     ,  0.4333536    
 -0.9967709     ,  0.4289731    
 -0.9987327     ,  0.4245842    
  -1.000675     ,  0.4201869    
  -1.002598     ,  0.4157813    
  -1.004501     ,  0.4113675    
  -1.006385     ,  0.4069456    
  -1.008249     ,  0.4025156    
  -1.010093     ,  0.3980776    
  -1.011918     ,  0.3936318    
  -1.013723     ,  0.3891782    
  -1.015508     ,  0.3847169    
  -1.017273     ,  0.3802480    
  -1.019019     ,  0.3757716    
  -1.020745     ,  0.3712878    
  -1.022450     ,  0.3667966    
  -1.024136     ,  0.3622983    
  -1.025802     ,  0.3577927    
  -1.027448     ,  0.3532801    
  -1.029074     ,  0.3487605    
  -1.030680     ,  0.3442340    
  -1.032266     ,  0.3397008    
  -1.033832     ,  0.3351608    
  -1.035378     ,  0.3306142    
  -1.036903     ,  0.3260611    
  -1.038409     ,  0.3215016    
  -1.039894     ,  0.3169357    
  -1.041359     ,  0.3123635    
  -1.042804     ,  0.3077852    
  -1.044228     ,  0.3032008    
  -1.045633     ,  0.2986104    
  -1.047017     ,  0.2940141    
  -1.048380     ,  0.2894121    
  -1.049724     ,  0.2848043    
  -1.051046     ,  0.2801908    
  -1.052349     ,  0.2755719    
  -1.053631     ,  0.2709475    
  -1.054893     ,  0.2663177    
  -1.056134     ,  0.2616827    
  -1.057354     ,  0.2570425    
  -1.058555     ,  0.2523972    
  -1.059734     ,  0.2477470    
  -1.060894     ,  0.2430918    
  -1.062032     ,  0.2384319    
  -1.063150     ,  0.2337672    
  -1.064248     ,  0.2290979    
  -1.065324     ,  0.2244241    
  -1.066381     ,  0.2197458    
  -1.067416     ,  0.2150632    
  -1.068431     ,  0.2103764    
  -1.069425     ,  0.2056854    
  -1.070399     ,  0.2009903    
  -1.071352     ,  0.1962912    
  -1.072284     ,  0.1915882    
  -1.073195     ,  0.1868814    
  -1.074086     ,  0.1821710    
  -1.074956     ,  0.1774569    
  -1.075805     ,  0.1727393    
  -1.076634     ,  0.1680182    
  -1.077441     ,  0.1632938    
  -1.078228     ,  0.1585662    
  -1.078994     ,  0.1538354    
  -1.079739     ,  0.1491016    
  -1.080464     ,  0.1443648    
  -1.081167     ,  0.1396251    
  -1.081850     ,  0.1348826    
  -1.082511     ,  0.1301374    
  -1.083152     ,  0.1253897    
  -1.083772     ,  0.1206394    
  -1.084371     ,  0.1158867    
  -1.084949     ,  0.1111316    
  -1.085507     ,  0.1063744    
  -1.086043     ,  0.1016150    
  -1.086559     ,  9.6853517E-02
  -1.087053     ,  9.2090108E-02
  -1.087527     ,  8.7324828E-02
  -1.087980     ,  8.2557775E-02
  -1.088411     ,  7.7789046E-02
  -1.088822     ,  7.3018722E-02
  -1.089212     ,  6.8246908E-02
  -1.089581     ,  6.3473687E-02
