   1.000000     ,  0.0000000E+00
   1.000000     ,  4.9999999E-03
  0.9999750     ,  9.9998750E-03
  0.9999250     ,  1.4999500E-02
  0.9998500     ,  1.9998750E-02
  0.9997500     ,  2.4997501E-02
  0.9996250     ,  2.9995626E-02
  0.9994751     ,  3.4993000E-02
  0.9993001     ,  3.9989501E-02
  0.9991002     ,  4.4985004E-02
  0.9988753     ,  4.9979381E-02
  0.9986255     ,  5.4972511E-02
  0.9983506     ,  5.9964266E-02
  0.9980509     ,  6.4954519E-02
  0.9977262     ,  6.9943152E-02
  0.9973766     ,  7.4930035E-02
  0.9970020     ,  7.9915047E-02
  0.9966025     ,  8.4898062E-02
  0.9961782     ,  8.9878954E-02
  0.9957289     ,  9.4857603E-02
  0.9952548     ,  9.9833883E-02
  0.9947558     ,  0.1048077    
  0.9942319     ,  0.1097788    
  0.9936833     ,  0.1147473    
  0.9931098     ,  0.1197128    
  0.9925115     ,  0.1246754    
  0.9918883     ,  0.1296348    
  0.9912405     ,  0.1345911    
  0.9905679     ,  0.1395439    
  0.9898705     ,  0.1444933    
  0.9891484     ,  0.1494390    
  0.9884017     ,  0.1543811    
  0.9876302     ,  0.1593192    
  0.9868340     ,  0.1642534    
  0.9860133     ,  0.1691835    
  0.9851679     ,  0.1741094    
  0.9842979     ,  0.1790309    
  0.9834034     ,  0.1839480    
  0.9824843     ,  0.1888604    
  0.9815406     ,  0.1937682    
  0.9805725     ,  0.1986711    
  0.9795799     ,  0.2035691    
  0.9785628     ,  0.2084619    
  0.9775213     ,  0.2133496    
  0.9764554     ,  0.2182319    
  0.9753651     ,  0.2231088    
  0.9742505     ,  0.2279802    
  0.9731116     ,  0.2328458    
  0.9719483     ,  0.2377056    
  0.9707609     ,  0.2425595    
  0.9695492     ,  0.2474073    
  0.9683133     ,  0.2522490    
  0.9670532     ,  0.2570844    
  0.9657691     ,  0.2619133    
  0.9644608     ,  0.2667358    
  0.9631284     ,  0.2715515    
  0.9617721     ,  0.2763605    
  0.9603917     ,  0.2811626    
  0.9589874     ,  0.2859577    
  0.9575591     ,  0.2907456    
  0.9561070     ,  0.2955263    
  0.9546310     ,  0.3002996    
  0.9531311     ,  0.3050655    
  0.9516076     ,  0.3098237    
  0.9500602     ,  0.3145742    
  0.9484892     ,  0.3193168    
  0.9468946     ,  0.3240515    
  0.9452763     ,  0.3287781    
  0.9436345     ,  0.3334965    
  0.9419690     ,  0.3382066    
  0.9402801     ,  0.3429082    
  0.9385678     ,  0.3476013    
  0.9368321     ,  0.3522857    
  0.9350730     ,  0.3569614    
  0.9332905     ,  0.3616281    
  0.9314849     ,  0.3662859    
  0.9296560     ,  0.3709345    
  0.9278039     ,  0.3755738    
  0.9259287     ,  0.3802038    
  0.9240304     ,  0.3848243    
  0.9221090     ,  0.3894353    
  0.9201647     ,  0.3940365    
  0.9181975     ,  0.3986278    
  0.9162073     ,  0.4032093    
  0.9141943     ,  0.4077807    
  0.9121586     ,  0.4123420    
  0.9101001     ,  0.4168929    
  0.9080189     ,  0.4214335    
  0.9059151     ,  0.4259636    
  0.9037887     ,  0.4304830    
  0.9016398     ,  0.4349917    
  0.8994684     ,  0.4394896    
  0.8972746     ,  0.4439766    
  0.8950585     ,  0.4484524    
  0.8928200     ,  0.4529171    
  0.8905593     ,  0.4573705    
  0.8882765     ,  0.4618125    
  0.8859714     ,  0.4662430    
  0.8836443     ,  0.4706619    
  0.8812953     ,  0.4750691    
  0.8789242     ,  0.4794644    
  0.8765312     ,  0.4838478    
  0.8741165     ,  0.4882191    
  0.8716799     ,  0.4925783    
  0.8692216     ,  0.4969252    
  0.8667417     ,  0.5012597    
  0.8642402     ,  0.5055818    
  0.8617172     ,  0.5098913    
  0.8591727     ,  0.5141881    
  0.8566068     ,  0.5184720    
  0.8540196     ,  0.5227430    
  0.8514111     ,  0.5270011    
  0.8487814     ,  0.5312459    
  0.8461305     ,  0.5354776    
  0.8434587     ,  0.5396960    
  0.8407658     ,  0.5439008    
  0.8380519     ,  0.5480922    
  0.8353172     ,  0.5522699    
  0.8325617     ,  0.5564338    
  0.8297855     ,  0.5605839    
  0.8269886     ,  0.5647200    
  0.8241711     ,  0.5688421    
  0.8213331     ,  0.5729500    
  0.8184747     ,  0.5770437    
  0.8155959     ,  0.5811229    
  0.8126968     ,  0.5851877    
  0.8097774     ,  0.5892380    
  0.8068379     ,  0.5932736    
  0.8038783     ,  0.5972944    
  0.8008987     ,  0.6013004    
  0.7978992     ,  0.6052914    
  0.7948798     ,  0.6092673    
  0.7918406     ,  0.6132281    
  0.7887818     ,  0.6171736    
  0.7857032     ,  0.6211038    
  0.7826052     ,  0.6250185    
  0.7794877     ,  0.6289176    
  0.7763507     ,  0.6328011    
  0.7731945     ,  0.6366689    
  0.7700190     ,  0.6405208    
  0.7668244     ,  0.6443567    
  0.7636107     ,  0.6481767    
  0.7603779     ,  0.6519805    
  0.7571263     ,  0.6557680    
  0.7538559     ,  0.6595393    
  0.7505667     ,  0.6632941    
  0.7472588     ,  0.6670325    
  0.7439323     ,  0.6707543    
  0.7405873     ,  0.6744593    
  0.7372239     ,  0.6781477    
  0.7338421     ,  0.6818191    
  0.7304421     ,  0.6854736    
  0.7270240     ,  0.6891111    
  0.7235877     ,  0.6927313    
  0.7201334     ,  0.6963344    
  0.7166613     ,  0.6999201    
  0.7131713     ,  0.7034885    
  0.7096636     ,  0.7070393    
  0.7061382     ,  0.7105725    
  0.7025953     ,  0.7140881    
  0.6990349     ,  0.7175860    
  0.6954571     ,  0.7210659    
  0.6918620     ,  0.7245280    
  0.6882498     ,  0.7279720    
  0.6846204     ,  0.7313980    
  0.6809739     ,  0.7348058    
  0.6773106     ,  0.7381952    
  0.6736304     ,  0.7415664    
  0.6699335     ,  0.7449191    
  0.6662199     ,  0.7482532    
  0.6624897     ,  0.7515688    
  0.6587431     ,  0.7548657    
  0.6549801     ,  0.7581438    
  0.6512008     ,  0.7614031    
  0.6474053     ,  0.7646435    
  0.6435938     ,  0.7678648    
  0.6397662     ,  0.7710671    
  0.6359227     ,  0.7742501    
  0.6320634     ,  0.7774140    
  0.6281885     ,  0.7805585    
  0.6242979     ,  0.7836836    
  0.6203918     ,  0.7867892    
  0.6164703     ,  0.7898753    
  0.6125335     ,  0.7929417    
  0.6085814     ,  0.7959885    
  0.6046141     ,  0.7990155    
  0.6006319     ,  0.8020226    
  0.5966347     ,  0.8050097    
  0.5926228     ,  0.8079769    
  0.5885960     ,  0.8109240    
  0.5845547     ,  0.8138509    
  0.5804989     ,  0.8167577    
  0.5764286     ,  0.8196441    
  0.5723440     ,  0.8225101    
  0.5682452     ,  0.8253557    
  0.5641322     ,  0.8281808    
  0.5600052     ,  0.8309853    
  0.5558644     ,  0.8337692    
  0.5517097     ,  0.8365324    
  0.5475413     ,  0.8392748    
  0.5433593     ,  0.8419963    
  0.5391638     ,  0.8446969    
  0.5349549     ,  0.8473766    
  0.5307327     ,  0.8500351    
  0.5264973     ,  0.8526726    
  0.5222489     ,  0.8552889    
  0.5179874     ,  0.8578839    
  0.5137131     ,  0.8604576    
  0.5094261     ,  0.8630099    
  0.5051264     ,  0.8655409    
  0.5008141     ,  0.8680503    
  0.4964894     ,  0.8705381    
  0.4921524     ,  0.8730043    
  0.4878031     ,  0.8754489    
  0.4834417     ,  0.8778717    
  0.4790684     ,  0.8802727    
  0.4746831     ,  0.8826518    
  0.4702860     ,  0.8850090    
  0.4658773     ,  0.8873442    
  0.4614570     ,  0.8896574    
  0.4570252     ,  0.8919485    
  0.4525821     ,  0.8942174    
  0.4481277     ,  0.8964642    
  0.4436622     ,  0.8986886    
  0.4391857     ,  0.9008908    
  0.4346983     ,  0.9030706    
  0.4302001     ,  0.9052279    
  0.4256912     ,  0.9073628    
  0.4211717     ,  0.9094751    
  0.4166418     ,  0.9115648    
  0.4121015     ,  0.9136320    
  0.4075511     ,  0.9156764    
  0.4029904     ,  0.9176981    
  0.3984198     ,  0.9196970    
  0.3938393     ,  0.9216731    
  0.3892490     ,  0.9236263    
  0.3846490     ,  0.9255565    
  0.3800395     ,  0.9274638    
  0.3754205     ,  0.9293481    
  0.3707923     ,  0.9312093    
  0.3661548     ,  0.9330474    
  0.3615082     ,  0.9348623    
  0.3568527     ,  0.9366539    
  0.3521883     ,  0.9384223    
  0.3475151     ,  0.9401674    
  0.3428334     ,  0.9418892    
  0.3381431     ,  0.9435877    
  0.3334444     ,  0.9452627    
  0.3287375     ,  0.9469142    
  0.3240224     ,  0.9485422    
  0.3192992     ,  0.9501466    
  0.3145681     ,  0.9517275    
  0.3098292     ,  0.9532847    
  0.3050826     ,  0.9548183    
  0.3003285     ,  0.9563282    
  0.2955669     ,  0.9578143    
  0.2907979     ,  0.9592767    
  0.2860217     ,  0.9607153    
  0.2812385     ,  0.9621300    
  0.2764482     ,  0.9635208    
  0.2716511     ,  0.9648877    
  0.2668473     ,  0.9662307    
  0.2620368     ,  0.9675497    
  0.2572198     ,  0.9688447    
  0.2523964     ,  0.9701155    
  0.2475668     ,  0.9713624    
  0.2427310     ,  0.9725851    
  0.2378892     ,  0.9737837    
  0.2330415     ,  0.9749581    
  0.2281880     ,  0.9761083    
  0.2233289     ,  0.9772343    
  0.2184642     ,  0.9783360    
  0.2135941     ,  0.9794135    
  0.2087187     ,  0.9804667    
  0.2038381     ,  0.9814955    
  0.1989524     ,  0.9825000    
  0.1940618     ,  0.9834800    
  0.1891664     ,  0.9844357    
  0.1842663     ,  0.9853669    
  0.1793616     ,  0.9862737    
  0.1744525     ,  0.9871560    
  0.1695390     ,  0.9880139    
  0.1646213     ,  0.9888471    
  0.1596996     ,  0.9896559    
  0.1547739     ,  0.9904400    
  0.1498443     ,  0.9911996    
  0.1449110     ,  0.9919346    
  0.1399741     ,  0.9926450    
  0.1350338     ,  0.9933307    
  0.1300901     ,  0.9939918    
  0.1251432     ,  0.9946283    
  0.1201931     ,  0.9952400    
  0.1152401     ,  0.9958270    
  0.1102843     ,  0.9963894    
  0.1053256     ,  0.9969270    
  0.1003644     ,  0.9974399    
  9.5400698E-02 ,  0.9979280    
  9.0434618E-02 ,  0.9983914    
  8.5466288E-02 ,  0.9988300    
  8.0495842E-02 ,  0.9992437    
  7.5523399E-02 ,  0.9996327    
  7.0549078E-02 ,  0.9999969    
  6.5573007E-02 ,   1.000336    
  6.0595307E-02 ,   1.000651    
  5.5616107E-02 ,   1.000941    
  5.0635524E-02 ,   1.001205    
  4.5653686E-02 ,   1.001446    
  4.0670715E-02 ,   1.001661    
  3.5686735E-02 ,   1.001851    
  3.0701868E-02 ,   1.002017    
  2.5716240E-02 ,   1.002157    
  2.0729974E-02 ,   1.002273    
  1.5743194E-02 ,   1.002364    
  1.0756023E-02 ,   1.002430    
  5.7685850E-03 ,   1.002471    
  7.8100374E-04 ,   1.002487    
 -4.2065969E-03 ,   1.002478    
 -9.1940928E-03 ,   1.002445    
 -1.4181361E-02 ,   1.002387    
 -1.9168276E-02 ,   1.002303    
 -2.4154717E-02 ,   1.002195    
 -2.9140558E-02 ,   1.002062    
 -3.4125675E-02 ,   1.001904    
 -3.9109945E-02 ,   1.001722    
 -4.4093248E-02 ,   1.001514    
 -4.9075454E-02 ,   1.001282    
 -5.4056443E-02 ,   1.001024    
 -5.9036091E-02 ,   1.000742    
 -6.4014271E-02 ,   1.000435    
 -6.8990864E-02 ,   1.000103    
 -7.3965743E-02 ,  0.9997469    
 -7.8938790E-02 ,  0.9993654    
 -8.3909877E-02 ,  0.9989592    
 -8.8878885E-02 ,  0.9985282    
 -9.3845688E-02 ,  0.9980724    
 -9.8810159E-02 ,  0.9975919    
 -0.1037722     ,  0.9970866    
 -0.1087316     ,  0.9965565    
 -0.1136884     ,  0.9960017    
 -0.1186423     ,  0.9954222    
 -0.1235933     ,  0.9948180    
 -0.1285412     ,  0.9941891    
 -0.1334859     ,  0.9935356    
 -0.1384273     ,  0.9928573    
 -0.1433653     ,  0.9921545    
 -0.1482997     ,  0.9914270    
 -0.1532304     ,  0.9906749    
 -0.1581574     ,  0.9898983    
 -0.1630804     ,  0.9890970    
 -0.1679993     ,  0.9882712    
 -0.1729141     ,  0.9874209    
 -0.1778246     ,  0.9865461    
 -0.1827307     ,  0.9856468    
 -0.1876323     ,  0.9847230    
 -0.1925292     ,  0.9837748    
 -0.1974213     ,  0.9828022    
 -0.2023085     ,  0.9818052    
 -0.2071907     ,  0.9807838    
 -0.2120678     ,  0.9797381    
 -0.2169395     ,  0.9786681    
 -0.2218059     ,  0.9775738    
 -0.2266669     ,  0.9764552    
 -0.2315221     ,  0.9753123    
 -0.2363717     ,  0.9741452    
 -0.2412153     ,  0.9729540    
 -0.2460530     ,  0.9717387    
 -0.2508846     ,  0.9704992    
 -0.2557099     ,  0.9692357    
 -0.2605289     ,  0.9679480    
 -0.2653415     ,  0.9666364    
 -0.2701474     ,  0.9653007    
 -0.2749467     ,  0.9639410    
 -0.2797391     ,  0.9625575    
 -0.2845246     ,  0.9611501    
 -0.2893030     ,  0.9597188    
 -0.2940742     ,  0.9582636    
 -0.2988381     ,  0.9567847    
 -0.3035946     ,  0.9552821    
 -0.3083436     ,  0.9537557    
 -0.3130849     ,  0.9522057    
 -0.3178185     ,  0.9506320    
 -0.3225441     ,  0.9490348    
 -0.3272617     ,  0.9474139    
 -0.3319713     ,  0.9457695    
 -0.3366725     ,  0.9441017    
 -0.3413655     ,  0.9424104    
 -0.3460499     ,  0.9406957    
 -0.3507258     ,  0.9389577    
 -0.3553929     ,  0.9371964    
 -0.3600512     ,  0.9354118    
 -0.3647006     ,  0.9336039    
 -0.3693409     ,  0.9317729    
 -0.3739721     ,  0.9299187    
 -0.3785940     ,  0.9280415    
 -0.3832064     ,  0.9261412    
 -0.3878094     ,  0.9242179    
 -0.3924027     ,  0.9222717    
 -0.3969863     ,  0.9203026    
 -0.4015600     ,  0.9183106    
 -0.4061238     ,  0.9162958    
 -0.4106775     ,  0.9142583    
 -0.4152209     ,  0.9121981    
 -0.4197541     ,  0.9101152    
 -0.4242769     ,  0.9080097    
 -0.4287890     ,  0.9058816    
 -0.4332906     ,  0.9037311    
 -0.4377814     ,  0.9015581    
 -0.4422613     ,  0.8993627    
 -0.4467303     ,  0.8971450    
 -0.4511881     ,  0.8949050    
 -0.4556347     ,  0.8926428    
 -0.4600700     ,  0.8903584    
 -0.4644939     ,  0.8880519    
 -0.4689063     ,  0.8857233    
 -0.4733070     ,  0.8833727    
 -0.4776959     ,  0.8810002    
 -0.4820730     ,  0.8786058    
 -0.4864382     ,  0.8761896    
 -0.4907912     ,  0.8737517    
 -0.4951320     ,  0.8712921    
 -0.4994606     ,  0.8688108    
 -0.5037767     ,  0.8663079    
 -0.5080804     ,  0.8637834    
 -0.5123714     ,  0.8612375    
 -0.5166496     ,  0.8586703    
 -0.5209150     ,  0.8560817    
 -0.5251675     ,  0.8534719    
 -0.5294070     ,  0.8508408    
 -0.5336332     ,  0.8481886    
 -0.5378463     ,  0.8455153    
 -0.5420460     ,  0.8428210    
 -0.5462322     ,  0.8401058    
 -0.5504048     ,  0.8373697    
 -0.5545638     ,  0.8346128    
 -0.5587090     ,  0.8318352    
 -0.5628403     ,  0.8290368    
 -0.5669576     ,  0.8262179    
 -0.5710608     ,  0.8233785    
 -0.5751499     ,  0.8205186    
 -0.5792246     ,  0.8176383    
 -0.5832850     ,  0.8147377    
 -0.5873308     ,  0.8118169    
 -0.5913621     ,  0.8088759    
 -0.5953786     ,  0.8059148    
 -0.5993804     ,  0.8029336    
 -0.6033673     ,  0.7999325    
 -0.6073391     ,  0.7969115    
 -0.6112959     ,  0.7938707    
 -0.6152375     ,  0.7908102    
 -0.6191638     ,  0.7877300    
 -0.6230747     ,  0.7846302    
 -0.6269701     ,  0.7815109    
 -0.6308500     ,  0.7783722    
 -0.6347141     ,  0.7752142    
 -0.6385625     ,  0.7720369    
 -0.6423950     ,  0.7688404    
 -0.6462116     ,  0.7656248    
 -0.6500120     ,  0.7623902    
 -0.6537963     ,  0.7591366    
 -0.6575643     ,  0.7558641    
 -0.6613160     ,  0.7525729    
 -0.6650513     ,  0.7492629    
 -0.6687700     ,  0.7459343    
 -0.6724721     ,  0.7425871    
 -0.6761575     ,  0.7392215    
 -0.6798260     ,  0.7358375    
 -0.6834777     ,  0.7324352    
 -0.6871124     ,  0.7290147    
 -0.6907300     ,  0.7255760    
 -0.6943304     ,  0.7221193    
 -0.6979135     ,  0.7186447    
 -0.7014793     ,  0.7151521    
 -0.7050276     ,  0.7116418    
 -0.7085584     ,  0.7081138    
 -0.7120716     ,  0.7045683    
 -0.7155671     ,  0.7010052    
 -0.7190447     ,  0.6974246    
 -0.7225046     ,  0.6938267    
 -0.7259464     ,  0.6902115    
 -0.7293701     ,  0.6865791    
 -0.7327757     ,  0.6829297    
 -0.7361631     ,  0.6792633    
 -0.7395322     ,  0.6755800    
 -0.7428829     ,  0.6718798    
 -0.7462151     ,  0.6681630    
 -0.7495287     ,  0.6644295    
 -0.7528237     ,  0.6606796    
 -0.7560999     ,  0.6569132    
 -0.7593574     ,  0.6531304    
 -0.7625960     ,  0.6493314    
 -0.7658155     ,  0.6455162    
 -0.7690160     ,  0.6416850    
 -0.7721974     ,  0.6378378    
 -0.7753596     ,  0.6339748    
 -0.7785025     ,  0.6300960    
 -0.7816260     ,  0.6262015    
 -0.7847300     ,  0.6222913    
 -0.7878146     ,  0.6183657    
 -0.7908795     ,  0.6144247    
 -0.7939247     ,  0.6104684    
 -0.7969502     ,  0.6064970    
 -0.7999558     ,  0.6025105    
 -0.8029415     ,  0.5985089    
 -0.8059072     ,  0.5944924    
 -0.8088529     ,  0.5904612    
 -0.8117784     ,  0.5864152    
 -0.8146837     ,  0.5823547    
 -0.8175688     ,  0.5782796    
 -0.8204335     ,  0.5741901    
 -0.8232778     ,  0.5700864    
 -0.8261015     ,  0.5659685    
 -0.8289047     ,  0.5618365    
 -0.8316873     ,  0.5576904    
 -0.8344492     ,  0.5535305    
 -0.8371903     ,  0.5493568    
 -0.8399105     ,  0.5451695    
 -0.8426098     ,  0.5409685    
 -0.8452882     ,  0.5367541    
 -0.8479455     ,  0.5325264    
 -0.8505816     ,  0.5282853    
 -0.8531966     ,  0.5240311    
 -0.8557904     ,  0.5197639    
 -0.8583628     ,  0.5154837    
 -0.8609138     ,  0.5111907    
 -0.8634434     ,  0.5068849    
 -0.8659515     ,  0.5025665    
 -0.8684381     ,  0.4982356    
 -0.8709030     ,  0.4938922    
 -0.8733461     ,  0.4895366    
 -0.8757676     ,  0.4851688    
 -0.8781672     ,  0.4807889    
 -0.8805450     ,  0.4763970    
 -0.8829008     ,  0.4719933    
 -0.8852346     ,  0.4675778    
 -0.8875464     ,  0.4631506    
 -0.8898360     ,  0.4587119    
 -0.8921035     ,  0.4542617    
 -0.8943487     ,  0.4498003    
 -0.8965717     ,  0.4453277    
 -0.8987723     ,  0.4408439    
 -0.9009505     ,  0.4363492    
 -0.9031063     ,  0.4318436    
 -0.9052395     ,  0.4273272    
 -0.9073502     ,  0.4228002    
 -0.9094383     ,  0.4182626    
 -0.9115037     ,  0.4137146    
 -0.9135464     ,  0.4091564    
 -0.9155663     ,  0.4045879    
 -0.9175634     ,  0.4000093    
 -0.9195377     ,  0.3954207    
 -0.9214889     ,  0.3908223    
 -0.9234173     ,  0.3862142    
 -0.9253226     ,  0.3815964    
 -0.9272048     ,  0.3769691    
 -0.9290640     ,  0.3723324    
 -0.9308999     ,  0.3676864    
 -0.9327127     ,  0.3630313    
 -0.9345021     ,  0.3583671    
 -0.9362683     ,  0.3536939    
 -0.9380112     ,  0.3490119    
 -0.9397306     ,  0.3443213    
 -0.9414266     ,  0.3396220    
 -0.9430991     ,  0.3349143    
 -0.9447481     ,  0.3301982    
 -0.9463735     ,  0.3254739    
 -0.9479753     ,  0.3207414    
 -0.9495535     ,  0.3160010    
 -0.9511080     ,  0.3112527    
 -0.9526388     ,  0.3064966    
 -0.9541458     ,  0.3017329    
 -0.9556290     ,  0.2969617    
 -0.9570884     ,  0.2921830    
 -0.9585238     ,  0.2873971    
 -0.9599354     ,  0.2826039    
 -0.9613230     ,  0.2778038    
 -0.9626866     ,  0.2729967    
 -0.9640262     ,  0.2681828    
 -0.9653417     ,  0.2633622    
 -0.9666332     ,  0.2585350    
 -0.9679006     ,  0.2537014    
 -0.9691437     ,  0.2488614    
 -0.9703628     ,  0.2440152    
 -0.9715576     ,  0.2391630    
 -0.9727281     ,  0.2343047    
 -0.9738743     ,  0.2294407    
 -0.9749963     ,  0.2245709    
 -0.9760939     ,  0.2196954    
 -0.9771671     ,  0.2148146    
 -0.9782160     ,  0.2099283    
 -0.9792404     ,  0.2050368    
 -0.9802404     ,  0.2001402    
 -0.9812159     ,  0.1952386    
 -0.9821669     ,  0.1903321    
 -0.9830934     ,  0.1854208    
 -0.9839953     ,  0.1805050    
 -0.9848727     ,  0.1755846    
 -0.9857255     ,  0.1706598    
 -0.9865536     ,  0.1657308    
 -0.9873571     ,  0.1607977    
 -0.9881360     ,  0.1558605    
 -0.9888902     ,  0.1509194    
 -0.9896197     ,  0.1459746    
 -0.9903244     ,  0.1410261    
 -0.9910045     ,  0.1360741    
 -0.9916598     ,  0.1311187    
 -0.9922903     ,  0.1261600    
 -0.9928961     ,  0.1211982    
 -0.9934770     ,  0.1162333    
 -0.9940332     ,  0.1112656    
 -0.9945644     ,  0.1062950    
 -0.9950709     ,  0.1013218    
 -0.9955525     ,  9.6346103E-02
 -0.9960092     ,  9.1367967E-02
 -0.9964410     ,  8.6387545E-02
 -0.9968479     ,  8.1404969E-02
 -0.9972299     ,  7.6420359E-02
 -0.9975870     ,  7.1433835E-02
 -0.9979192     ,  6.6445529E-02
 -0.9982264     ,  6.1455563E-02
 -0.9985087     ,  5.6464057E-02
 -0.9987660     ,  5.1471144E-02
 -0.9989983     ,  4.6476942E-02
 -0.9992057     ,  4.1481577E-02
 -0.9993881     ,  3.6485177E-02
 -0.9995455     ,  3.1487864E-02
 -0.9996780     ,  2.6489764E-02
 -0.9997854     ,  2.1491002E-02
 -0.9998679     ,  1.6491704E-02
 -0.9999253     ,  1.1491993E-02
 -0.9999578     ,  6.4919945E-03
 -0.9999653     ,  1.4918343E-03
 -0.9999477     , -3.5083634E-03
 -0.9999052     , -8.5084736E-03
 -0.9998376     , -1.3508371E-02
 -0.9997451     , -1.8507931E-02
 -0.9996275     , -2.3507029E-02
 -0.9994850     , -2.8505538E-02
 -0.9993174     , -3.3503335E-02
 -0.9991249     , -3.8500294E-02
 -0.9989073     , -4.3496288E-02
 -0.9986648     , -4.8491195E-02
 -0.9983973     , -5.3484891E-02
 -0.9981048     , -5.8477245E-02
 -0.9977874     , -6.3468136E-02
 -0.9974450     , -6.8457440E-02
 -0.9970776     , -7.3445037E-02
 -0.9966854     , -7.8430794E-02
 -0.9962682     , -8.3414592E-02
 -0.9958260     , -8.8396296E-02
 -0.9953589     , -9.3375795E-02
 -0.9948670     , -9.8352954E-02
 -0.9943501     , -0.1033277    
 -0.9938083     , -0.1082998    
 -0.9932417     , -0.1132692    
 -0.9926503     , -0.1182357    
 -0.9920340     , -0.1231994    
 -0.9913929     , -0.1281599    
 -0.9907269     , -0.1331172    
 -0.9900361     , -0.1380712    
 -0.9893206     , -0.1430217    
 -0.9885803     , -0.1479687    
 -0.9878153     , -0.1529119    
 -0.9870255     , -0.1578513    
 -0.9862110     , -0.1627868    
 -0.9853718     , -0.1677182    
 -0.9845080     , -0.1726454    
 -0.9836195     , -0.1775683    
 -0.9827064     , -0.1824867    
 -0.9817687     , -0.1874005    
 -0.9808064     , -0.1923097    
 -0.9798195     , -0.1972140    
 -0.9788082     , -0.2021134    
 -0.9777723     , -0.2070078    
 -0.9767119     , -0.2118970    
 -0.9756271     , -0.2167808    
 -0.9745178     , -0.2216592    
 -0.9733841     , -0.2265321    
 -0.9722261     , -0.2313993    
 -0.9710436     , -0.2362607    
 -0.9698369     , -0.2411162    
 -0.9686059     , -0.2459657    
 -0.9673506     , -0.2508090    
 -0.9660711     , -0.2556460    
 -0.9647673     , -0.2604766    
 -0.9634395     , -0.2653006    
 -0.9620875     , -0.2701181    
 -0.9607113     , -0.2749287    
 -0.9593111     , -0.2797325    
 -0.9578868     , -0.2845293    
 -0.9564386     , -0.2893189    
 -0.9549664     , -0.2941013    
 -0.9534702     , -0.2988763    
 -0.9519502     , -0.3036439    
 -0.9504063     , -0.3084038    
 -0.9488386     , -0.3131559    
 -0.9472471     , -0.3179003    
 -0.9456319     , -0.3226367    
 -0.9439929     , -0.3273650    
 -0.9423303     , -0.3320850    
 -0.9406441     , -0.3367968    
 -0.9389343     , -0.3415001    
 -0.9372010     , -0.3461949    
 -0.9354442     , -0.3508810    
 -0.9336639     , -0.3555582    
 -0.9318602     , -0.3602266    
 -0.9300331     , -0.3648859    
 -0.9281828     , -0.3695361    
 -0.9263092     , -0.3741770    
 -0.9244123     , -0.3788085    
 -0.9224923     , -0.3834306    
 -0.9205491     , -0.3880430    
 -0.9185829     , -0.3926457    
 -0.9165936     , -0.3972385    
 -0.9145813     , -0.4018214    
 -0.9125461     , -0.4063942    
 -0.9104880     , -0.4109568    
 -0.9084071     , -0.4155091    
 -0.9063034     , -0.4200510    
 -0.9041770     , -0.4245824    
 -0.9020278     , -0.4291031    
 -0.8998561     , -0.4336130    
 -0.8976617     , -0.4381121    
 -0.8954449     , -0.4426001    
 -0.8932056     , -0.4470771    
 -0.8909439     , -0.4515429    
 -0.8886599     , -0.4559973    
 -0.8863536     , -0.4604403    
 -0.8840250     , -0.4648717    
 -0.8816742     , -0.4692915    
 -0.8793012     , -0.4736995    
 -0.8769063     , -0.4780956    
 -0.8744893     , -0.4824797    
 -0.8720504     , -0.4868517    
 -0.8695896     , -0.4912115    
 -0.8671070     , -0.4955589    
 -0.8646026     , -0.4998939    
 -0.8620765     , -0.5042164    
 -0.8595287     , -0.5085263    
 -0.8569594     , -0.5128233    
 -0.8543686     , -0.5171075    
 -0.8517563     , -0.5213788    
 -0.8491227     , -0.5256369    
 -0.8464677     , -0.5298818    
 -0.8437915     , -0.5341134    
 -0.8410942     , -0.5383316    
 -0.8383757     , -0.5425363    
 -0.8356361     , -0.5467274    
 -0.8328756     , -0.5509048    
 -0.8300942     , -0.5550683    
 -0.8272919     , -0.5592178    
 -0.8244689     , -0.5633534    
 -0.8216251     , -0.5674748    
 -0.8187608     , -0.5715819    
 -0.8158758     , -0.5756747    
 -0.8129704     , -0.5797530    
 -0.8100446     , -0.5838168    
 -0.8070984     , -0.5878659    
 -0.8041319     , -0.5919003    
 -0.8011453     , -0.5959198    
 -0.7981385     , -0.5999243    
 -0.7951117     , -0.6039138    
 -0.7920648     , -0.6078880    
 -0.7889982     , -0.6118470    
 -0.7859117     , -0.6157907    
 -0.7828054     , -0.6197188    
 -0.7796795     , -0.6236315    
 -0.7765340     , -0.6275284    
 -0.7733690     , -0.6314096    
 -0.7701846     , -0.6352749    
 -0.7669808     , -0.6391243    
 -0.7637578     , -0.6429576    
 -0.7605155     , -0.6467747    
 -0.7572542     , -0.6505756    
 -0.7539738     , -0.6543602    
 -0.7506745     , -0.6581283    
 -0.7473564     , -0.6618798    
 -0.7440194     , -0.6656148    
 -0.7406638     , -0.6693330    
 -0.7372895     , -0.6730344    
 -0.7338967     , -0.6767188    
 -0.7304854     , -0.6803863    
 -0.7270558     , -0.6840367    
 -0.7236080     , -0.6876699    
 -0.7201419     , -0.6912858    
 -0.7166578     , -0.6948843    
 -0.7131556     , -0.6984653    
 -0.7096356     , -0.7020289    
 -0.7060977     , -0.7055748    
 -0.7025420     , -0.7091029    
 -0.6989686     , -0.7126132    
 -0.6953778     , -0.7161056    
 -0.6917694     , -0.7195800    
 -0.6881436     , -0.7230363    
 -0.6845005     , -0.7264744    
 -0.6808403     , -0.7298943    
 -0.6771629     , -0.7332958    
 -0.6734685     , -0.7366789    
 -0.6697571     , -0.7400435    
 -0.6660289     , -0.7433894    
 -0.6622840     , -0.7467167    
 -0.6585224     , -0.7500252    
 -0.6547442     , -0.7533148    
 -0.6509496     , -0.7565855    
 -0.6471386     , -0.7598372    
 -0.6433113     , -0.7630697    
 -0.6394679     , -0.7662830    
 -0.6356084     , -0.7694771    
 -0.6317329     , -0.7726519    
 -0.6278415     , -0.7758071    
 -0.6239343     , -0.7789429    
 -0.6200114     , -0.7820591    
 -0.6160730     , -0.7851557    
 -0.6121191     , -0.7882324    
 -0.6081497     , -0.7912894    
 -0.6041651     , -0.7943265    
 -0.6001652     , -0.7973436    
 -0.5961503     , -0.8003406    
 -0.5921204     , -0.8033175    
 -0.5880756     , -0.8062742    
 -0.5840160     , -0.8092106    
 -0.5799416     , -0.8121266    
 -0.5758528     , -0.8150223    
 -0.5717494     , -0.8178974    
 -0.5676316     , -0.8207520    
 -0.5634996     , -0.8235859    
 -0.5593534     , -0.8263990    
 -0.5551931     , -0.8291914    
 -0.5510188     , -0.8319629    
 -0.5468307     , -0.8347135    
 -0.5426288     , -0.8374431    
 -0.5384133     , -0.8401515    
 -0.5341842     , -0.8428389    
 -0.5299417     , -0.8455051    
 -0.5256858     , -0.8481500    
 -0.5214168     , -0.8507736    
 -0.5171345     , -0.8533757    
 -0.5128393     , -0.8559564    
 -0.5085312     , -0.8585156    
 -0.5042103     , -0.8610531    
 -0.4998767     , -0.8635690    
 -0.4955305     , -0.8660631    
 -0.4911718     , -0.8685355    
 -0.4868008     , -0.8709859    
 -0.4824176     , -0.8734145    
 -0.4780221     , -0.8758211    
 -0.4736147     , -0.8782056    
 -0.4691953     , -0.8805680    
 -0.4647642     , -0.8829083    
 -0.4603213     , -0.8852263    
 -0.4558668     , -0.8875221    
 -0.4514009     , -0.8897955    
 -0.4469236     , -0.8920466    
 -0.4424351     , -0.8942751    
 -0.4379354     , -0.8964812    
 -0.4334247     , -0.8986647    
 -0.4289031     , -0.9008256    
 -0.4243707     , -0.9029638    
 -0.4198276     , -0.9050793    
 -0.4152740     , -0.9071720    
 -0.4107099     , -0.9092419    
 -0.4061354     , -0.9112888    
 -0.4015507     , -0.9133128    
 -0.3969560     , -0.9153138    
 -0.3923512     , -0.9172918    
 -0.3877365     , -0.9192467    
 -0.3831121     , -0.9211785    
 -0.3784781     , -0.9230870    
 -0.3738345     , -0.9249723    
 -0.3691815     , -0.9268343    
 -0.3645191     , -0.9286730    
 -0.3598477     , -0.9304883    
 -0.3551671     , -0.9322802    
 -0.3504776     , -0.9340487    
 -0.3457793     , -0.9357936    
 -0.3410723     , -0.9375149    
 -0.3363567     , -0.9392126    
 -0.3316327     , -0.9408867    
 -0.3269002     , -0.9425371    
 -0.3221596     , -0.9441637    
 -0.3174108     , -0.9457666    
 -0.3126541     , -0.9473457    
 -0.3078895     , -0.9489009    
 -0.3031171     , -0.9504322    
 -0.2983370     , -0.9519396    
 -0.2935495     , -0.9534230    
 -0.2887546     , -0.9548824    
 -0.2839524     , -0.9563177    
 -0.2791430     , -0.9577290    
 -0.2743267     , -0.9591162    
 -0.2695034     , -0.9604791    
 -0.2646733     , -0.9618180    
 -0.2598366     , -0.9631326    
 -0.2549933     , -0.9644229    
 -0.2501436     , -0.9656889    
 -0.2452876     , -0.9669307    
 -0.2404255     , -0.9681481    
 -0.2355572     , -0.9693410    
 -0.2306831     , -0.9705096    
 -0.2258031     , -0.9716537    
 -0.2209174     , -0.9727734    
 -0.2160262     , -0.9738685    
 -0.2111295     , -0.9749392    
 -0.2062276     , -0.9759852    
 -0.2013204     , -0.9770067    
 -0.1964082     , -0.9780036    
 -0.1914910     , -0.9789759    
 -0.1865689     , -0.9799235    
 -0.1816422     , -0.9808464    
 -0.1767109     , -0.9817446    
 -0.1717752     , -0.9826182    
 -0.1668351     , -0.9834669    
 -0.1618909     , -0.9842908    
 -0.1569425     , -0.9850900    
 -0.1519902     , -0.9858644    
 -0.1470341     , -0.9866139    
 -0.1420743     , -0.9873386    
 -0.1371109     , -0.9880384    
 -0.1321440     , -0.9887133    
 -0.1271738     , -0.9893633    
 -0.1222004     , -0.9899884    
 -0.1172239     , -0.9905885    
 -0.1122445     , -0.9911637    
 -0.1072622     , -0.9917139    
 -0.1022773     , -0.9922392    
 -9.7289748E-02 , -0.9927394    
 -9.2299767E-02 , -0.9932147    
 -8.7307461E-02 , -0.9936650    
 -8.2312949E-02 , -0.9940902    
 -7.7316366E-02 , -0.9944904    
 -7.2317839E-02 , -0.9948655    
 -6.7317486E-02 , -0.9952155    
 -6.2315438E-02 , -0.9955405    
 -5.7311822E-02 , -0.9958404    
 -5.2306760E-02 , -0.9961153    
 -4.7300383E-02 , -0.9963650    
 -4.2292815E-02 , -0.9965897    
 -3.7284181E-02 , -0.9967892    
 -3.2274608E-02 , -0.9969636    
 -2.7264221E-02 , -0.9971129    
 -2.2253146E-02 , -0.9972371    
 -1.7241511E-02 , -0.9973362    
 -1.2229443E-02 , -0.9974102    
 -7.2170659E-03 , -0.9974590    
 -2.2045074E-03 , -0.9974827    
  2.8081066E-03 , -0.9974813    
  7.8206500E-03 , -0.9974547    
  1.2832996E-02 , -0.9974030    
  1.7845018E-02 , -0.9973262    
  2.2856591E-02 , -0.9972243    
  2.7867589E-02 , -0.9970972    
  3.2877885E-02 , -0.9969450    
  3.7887353E-02 , -0.9967678    
  4.2895868E-02 , -0.9965653    
  4.7903299E-02 , -0.9963378    
  5.2909527E-02 , -0.9960852    
  5.7914421E-02 , -0.9958075    
  6.2917858E-02 , -0.9955047    
  6.7919709E-02 , -0.9951769    
  7.2919846E-02 , -0.9948240    
  7.7918150E-02 , -0.9944460    
  8.2914487E-02 , -0.9940430    
  8.7908737E-02 , -0.9936149    
  9.2900775E-02 , -0.9931618    
  9.7890474E-02 , -0.9926837    
  0.1028777     , -0.9921806    
  0.1078623     , -0.9916525    
  0.1128443     , -0.9910994    
  0.1178233     , -0.9905214    
  0.1227995     , -0.9899184    
  0.1277725     , -0.9892904    
  0.1327423     , -0.9886376    
  0.1377087     , -0.9879598    
  0.1426717     , -0.9872572    
  0.1476311     , -0.9865297    
  0.1525868     , -0.9857774    
  0.1575386     , -0.9850002    
  0.1624865     , -0.9841982    
  0.1674303     , -0.9833714    
  0.1723698     , -0.9825199    
  0.1773050     , -0.9816436    
  0.1822358     , -0.9807425    
  0.1871620     , -0.9798168    
  0.1920834     , -0.9788664    
  0.1970000     , -0.9778913    
  0.2019117     , -0.9768916    
  0.2068182     , -0.9758673    
  0.2117196     , -0.9748185    
  0.2166156     , -0.9737450    
  0.2215061     , -0.9726471    
  0.2263911     , -0.9715247    
  0.2312704     , -0.9703778    
  0.2361439     , -0.9692065    
  0.2410114     , -0.9680107    
  0.2458728     , -0.9667906    
  0.2507281     , -0.9655461    
  0.2555770     , -0.9642773    
  0.2604195     , -0.9629843    
  0.2652554     , -0.9616669    
  0.2700847     , -0.9603254    
  0.2749071     , -0.9589597    
  0.2797227     , -0.9575698    
  0.2845312     , -0.9561558    
  0.2893325     , -0.9547178    
  0.2941265     , -0.9532557    
  0.2989132     , -0.9517695    
  0.3036923     , -0.9502594    
  0.3084638     , -0.9487254    
  0.3132274     , -0.9471675    
  0.3179832     , -0.9455858    
  0.3227310     , -0.9439802    
  0.3274707     , -0.9423509    
  0.3322021     , -0.9406978    
  0.3369252     , -0.9390211    
  0.3416398     , -0.9373206    
  0.3463458     , -0.9355966    
  0.3510430     , -0.9338491    
  0.3557314     , -0.9320781    
  0.3604109     , -0.9302835    
  0.3650813     , -0.9284656    
  0.3697425     , -0.9266243    
  0.3743944     , -0.9247596    
  0.3790368     , -0.9228717    
  0.3836697     , -0.9209605    
  0.3882930     , -0.9190262    
  0.3929065     , -0.9170687    
  0.3975101     , -0.9150881    
  0.4021037     , -0.9130845    
  0.4066871     , -0.9110579    
  0.4112604     , -0.9090084    
  0.4158233     , -0.9069360    
  0.4203756     , -0.9048408    
  0.4249175     , -0.9027227    
  0.4294486     , -0.9005820    
  0.4339689     , -0.8984185    
  0.4384783     , -0.8962325    
  0.4429767     , -0.8940240    
  0.4474639     , -0.8917929    
  0.4519398     , -0.8895394    
  0.4564044     , -0.8872634    
  0.4608575     , -0.8849652    
  0.4652990     , -0.8826447    
  0.4697288     , -0.8803019    
  0.4741467     , -0.8779370    
  0.4785527     , -0.8755500    
  0.4829467     , -0.8731410    
  0.4873285     , -0.8707100    
  0.4916981     , -0.8682571    
  0.4960553     , -0.8657823    
  0.5004000     , -0.8632858    
  0.5047321     , -0.8607675    
  0.5090516     , -0.8582276    
  0.5133582     , -0.8556660    
  0.5176519     , -0.8530830    
  0.5219325     , -0.8504784    
  0.5262001     , -0.8478525    
  0.5304543     , -0.8452052    
  0.5346953     , -0.8425367    
  0.5389227     , -0.8398470    
  0.5431367     , -0.8371361    
  0.5473369     , -0.8344042    
  0.5515234     , -0.8316513    
  0.5556961     , -0.8288774    
  0.5598547     , -0.8260828    
  0.5639992     , -0.8232673    
  0.5681296     , -0.8204311    
  0.5722457     , -0.8175743    
  0.5763474     , -0.8146970    
  0.5804345     , -0.8117991    
  0.5845070     , -0.8088808    
  0.5885649     , -0.8059422    
  0.5926080     , -0.8029833    
  0.5966361     , -0.8000042    
  0.6006493     , -0.7970049    
  0.6046473     , -0.7939857    
  0.6086302     , -0.7909464    
  0.6125977     , -0.7878873    
  0.6165498     , -0.7848083    
  0.6204865     , -0.7817097    
  0.6244075     , -0.7785913    
  0.6283128     , -0.7754534    
  0.6322023     , -0.7722960    
  0.6360760     , -0.7691191    
  0.6399336     , -0.7659229    
  0.6437751     , -0.7627075    
  0.6476005     , -0.7594728    
  0.6514095     , -0.7562191    
  0.6552022     , -0.7529464    
  0.6589784     , -0.7496548    
  0.6627380     , -0.7463443    
  0.6664810     , -0.7430150    
  0.6702073     , -0.7396670    
  0.6739166     , -0.7363004    
  0.6776091     , -0.7329153    
  0.6812845     , -0.7295119    
  0.6849428     , -0.7260900    
  0.6885839     , -0.7226499    
  0.6922076     , -0.7191917    
  0.6958139     , -0.7157153    
  0.6994027     , -0.7122210    
  0.7029740     , -0.7087088    
  0.7065277     , -0.7051788    
  0.7100635     , -0.7016310    
  0.7135815     , -0.6980656    
  0.7170815     , -0.6944827    
  0.7205636     , -0.6908823    
  0.7240275     , -0.6872645    
  0.7274733     , -0.6836295    
  0.7309007     , -0.6799772    
  0.7343098     , -0.6763079    
  0.7377004     , -0.6726216    
  0.7410725     , -0.6689184    
  0.7444260     , -0.6651984    
  0.7477607     , -0.6614617    
  0.7510767     , -0.6577084    
  0.7543738     , -0.6539385    
  0.7576519     , -0.6501523    
  0.7609110     , -0.6463497    
  0.7641510     , -0.6425308    
  0.7673718     , -0.6386958    
  0.7705734     , -0.6348447    
  0.7737556     , -0.6309777    
  0.7769183     , -0.6270949    
  0.7800615     , -0.6231963    
  0.7831852     , -0.6192821    
  0.7862892     , -0.6153523    
  0.7893734     , -0.6114070    
  0.7924378     , -0.6074464    
  0.7954823     , -0.6034706    
  0.7985068     , -0.5994796    
  0.8015112     , -0.5954735    
  0.8044956     , -0.5914524    
  0.8074597     , -0.5874165    
  0.8104036     , -0.5833659    
  0.8133271     , -0.5793006    
  0.8162301     , -0.5752208    
  0.8191127     , -0.5711265    
  0.8219748     , -0.5670179    
  0.8248161     , -0.5628951    
  0.8276368     , -0.5587581    
  0.8304366     , -0.5546070    
  0.8332157     , -0.5504421    
  0.8359738     , -0.5462633    
  0.8387109     , -0.5420709    
  0.8414270     , -0.5378648    
  0.8441219     , -0.5336452    
  0.8467957     , -0.5294122    
  0.8494482     , -0.5251659    
  0.8520794     , -0.5209064    
  0.8546892     , -0.5166339    
  0.8572775     , -0.5123484    
  0.8598443     , -0.5080501    
  0.8623896     , -0.5037390    
  0.8649132     , -0.4994152    
  0.8674151     , -0.4950790    
  0.8698952     , -0.4907303    
  0.8723536     , -0.4863693    
  0.8747900     , -0.4819961    
  0.8772044     , -0.4776107    
  0.8795969     , -0.4732134    
  0.8819673     , -0.4688043    
  0.8843156     , -0.4643833    
  0.8866416     , -0.4599507    
  0.8889455     , -0.4555066    
  0.8912270     , -0.4510511    
  0.8934862     , -0.4465842    
  0.8957230     , -0.4421062    
  0.8979373     , -0.4376170    
  0.9001291     , -0.4331169    
  0.9022983     , -0.4286059    
  0.9044448     , -0.4240841    
  0.9065687     , -0.4195518    
  0.9086698     , -0.4150089    
  0.9107482     , -0.4104556    
  0.9128037     , -0.4058920    
  0.9148363     , -0.4013182    
  0.9168460     , -0.3967343    
  0.9188327     , -0.3921405    
  0.9207964     , -0.3875369    
  0.9227369     , -0.3829236    
  0.9246544     , -0.3783006    
  0.9265486     , -0.3736682    
  0.9284196     , -0.3690264    
  0.9302673     , -0.3643754    
  0.9320918     , -0.3597152    
  0.9338928     , -0.3550460    
  0.9356705     , -0.3503679    
  0.9374247     , -0.3456810    
  0.9391553     , -0.3409854    
  0.9408625     , -0.3362814    
  0.9425461     , -0.3315688    
  0.9442060     , -0.3268480    
  0.9458423     , -0.3221190    
  0.9474549     , -0.3173819    
  0.9490437     , -0.3126368    
  0.9506087     , -0.3078839    
  0.9521500     , -0.3031233    
  0.9536673     , -0.2983551    
  0.9551608     , -0.2935795    
  0.9566303     , -0.2887964    
  0.9580759     , -0.2840061    
  0.9594975     , -0.2792088    
  0.9608951     , -0.2744044    
  0.9622685     , -0.2695931    
  0.9636179     , -0.2647752    
  0.9649431     , -0.2599505    
  0.9662441     , -0.2551194    
  0.9675210     , -0.2502818    
  0.9687735     , -0.2454380    
  0.9700019     , -0.2405880    
  0.9712059     , -0.2357320    
  0.9723856     , -0.2308702    
  0.9735410     , -0.2260025    
  0.9746720     , -0.2211291    
  0.9757786     , -0.2162503    
  0.9768607     , -0.2113660    
  0.9779184     , -0.2064764    
  0.9789516     , -0.2015817    
  0.9799603     , -0.1966819    
  0.9809444     , -0.1917772    
  0.9819040     , -0.1868677    
  0.9828390     , -0.1819535    
  0.9837494     , -0.1770347    
  0.9846352     , -0.1721115    
  0.9854963     , -0.1671840    
  0.9863327     , -0.1622524    
  0.9871445     , -0.1573166    
  0.9879315     , -0.1523769    
  0.9886939     , -0.1474335    
  0.9894315     , -0.1424863    
  0.9901443     , -0.1375355    
  0.9908323     , -0.1325813    
  0.9914955     , -0.1276238    
  0.9921340     , -0.1226631    
  0.9927476     , -0.1176994    
  0.9933364     , -0.1127326    
  0.9939003     , -0.1077631    
  0.9944394     , -0.1027909    
  0.9949535     , -9.7816065E-02
  0.9954427     , -9.2838816E-02
  0.9959071     , -8.7859243E-02
  0.9963466     , -8.2877472E-02
  0.9967611     , -7.7893622E-02
  0.9971507     , -7.2907828E-02
  0.9975153     , -6.7920208E-02
  0.9978550     , -6.2930889E-02
  0.9981697     , -5.7939999E-02
  0.9984595     , -5.2947659E-02
  0.9987242     , -4.7953993E-02
  0.9989640     , -4.2959128E-02
  0.9991788     , -3.7963189E-02
  0.9993687     , -3.2966301E-02
  0.9995335     , -2.7968587E-02
  0.9996734     , -2.2970175E-02
  0.9997882     , -1.7971188E-02
  0.9998781     , -1.2971751E-02
  0.9999430     , -7.9719909E-03
  0.9999828     , -2.9720312E-03
  0.9999977     ,  2.0280026E-03
  0.9999875     ,  7.0279860E-03
  0.9999524     ,  1.2027794E-02
  0.9998922     ,  1.7027300E-02
  0.9998071     ,  2.2026381E-02
  0.9996970     ,  2.7024912E-02
  0.9995618     ,  3.2022767E-02
  0.9994017     ,  3.7019823E-02
  0.9992167     ,  4.2015951E-02
  0.9990066     ,  4.7011029E-02
  0.9987716     ,  5.2004933E-02
  0.9985116     ,  5.6997538E-02
  0.9982267     ,  6.1988719E-02
  0.9979168     ,  6.6978350E-02
  0.9975820     ,  7.1966305E-02
  0.9972223     ,  7.6952465E-02
  0.9968376     ,  8.1936702E-02
  0.9964281     ,  8.6918890E-02
  0.9959936     ,  9.1898911E-02
  0.9955342     ,  9.6876629E-02
  0.9950500     ,  0.1018519    
  0.9945409     ,  0.1068247    
  0.9940070     ,  0.1117948    
  0.9934483     ,  0.1167621    
  0.9928647     ,  0.1217265    
  0.9922563     ,  0.1266878    
  0.9916231     ,  0.1316460    
  0.9909652     ,  0.1366009    
  0.9902825     ,  0.1415523    
  0.9895751     ,  0.1465003    
  0.9888430     ,  0.1514446    
  0.9880862     ,  0.1563850    
  0.9873047     ,  0.1613216    
  0.9864986     ,  0.1662542    
  0.9856678     ,  0.1711826    
  0.9848124     ,  0.1761068    
  0.9839325     ,  0.1810265    
  0.9830279     ,  0.1859417    
  0.9820989     ,  0.1908523    
  0.9811453     ,  0.1957581    
  0.9801672     ,  0.2006590    
  0.9791646     ,  0.2055550    
  0.9781376     ,  0.2104457    
  0.9770862     ,  0.2153313    
  0.9760104     ,  0.2202114    
  0.9749102     ,  0.2250861    
  0.9737857     ,  0.2299552    
  0.9726369     ,  0.2348185    
  0.9714638     ,  0.2396759    
  0.9702665     ,  0.2445274    
  0.9690449     ,  0.2493727    
  0.9677992     ,  0.2542119    
  0.9665293     ,  0.2590447    
  0.9652354     ,  0.2638710    
  0.9639173     ,  0.2686908    
  0.9625752     ,  0.2735038    
  0.9612091     ,  0.2783100    
  0.9598190     ,  0.2831093    
  0.9584049     ,  0.2879015    
  0.9569669     ,  0.2926866    
  0.9555051     ,  0.2974643    
  0.9540194     ,  0.3022346    
  0.9525099     ,  0.3069974    
  0.9509767     ,  0.3117525    
  0.9494197     ,  0.3164998    
  0.9478391     ,  0.3212392    
  0.9462348     ,  0.3259706    
  0.9446070     ,  0.3306940    
  0.9429556     ,  0.3354090    
  0.9412806     ,  0.3401157    
  0.9395822     ,  0.3448139    
  0.9378603     ,  0.3495035    
  0.9361151     ,  0.3541844    
  0.9343465     ,  0.3588565    
  0.9325546     ,  0.3635196    
  0.9307395     ,  0.3681736    
  0.9289011     ,  0.3728185    
  0.9270396     ,  0.3774541    
  0.9251550     ,  0.3820802    
  0.9232474     ,  0.3866969    
  0.9213167     ,  0.3913039    
  0.9193631     ,  0.3959011    
  0.9173865     ,  0.4004885    
  0.9153871     ,  0.4050659    
  0.9133648     ,  0.4096332    
  0.9113198     ,  0.4141903    
  0.9092520     ,  0.4187371    
  0.9071617     ,  0.4232734    
  0.9050487     ,  0.4277992    
  0.9029131     ,  0.4323143    
  0.9007550     ,  0.4368186    
  0.8985745     ,  0.4413121    
  0.8963717     ,  0.4457946    
  0.8941464     ,  0.4502659    
  0.8918989     ,  0.4547261    
  0.8896292     ,  0.4591749    
  0.8873373     ,  0.4636122    
  0.8850233     ,  0.4680381    
  0.8826873     ,  0.4724522    
  0.8803293     ,  0.4768546    
  0.8779493     ,  0.4812451    
  0.8755475     ,  0.4856236    
  0.8731238     ,  0.4899900    
  0.8706784     ,  0.4943442    
  0.8682113     ,  0.4986861    
  0.8657226     ,  0.5030156    
  0.8632123     ,  0.5073326    
  0.8606806     ,  0.5116369    
  0.8581274     ,  0.5159284    
  0.8555528     ,  0.5202072    
  0.8529569     ,  0.5244730    
  0.8503398     ,  0.5287257    
  0.8477015     ,  0.5329652    
  0.8450420     ,  0.5371915    
  0.8423616     ,  0.5414044    
  0.8396601     ,  0.5456038    
  0.8369378     ,  0.5497897    
  0.8341946     ,  0.5539618    
  0.8314307     ,  0.5581201    
  0.8286460     ,  0.5622646    
  0.8258407     ,  0.5663950    
  0.8230149     ,  0.5705113    
  0.8201686     ,  0.5746135    
  0.8173018     ,  0.5787014    
  0.8144147     ,  0.5827748    
  0.8115074     ,  0.5868338    
  0.8085799     ,  0.5908781    
  0.8056322     ,  0.5949077    
  0.8026645     ,  0.5989225    
  0.7996767     ,  0.6029224    
  0.7966691     ,  0.6069072    
  0.7936417     ,  0.6108770    
  0.7905945     ,  0.6148316    
  0.7875276     ,  0.6187709    
  0.7844412     ,  0.6226948    
  0.7813352     ,  0.6266032    
  0.7782097     ,  0.6304960    
  0.7750649     ,  0.6343731    
  0.7719008     ,  0.6382344    
  0.7687175     ,  0.6420798    
  0.7655151     ,  0.6459093    
  0.7622936     ,  0.6497227    
  0.7590532     ,  0.6535199    
  0.7557939     ,  0.6573009    
  0.7525158     ,  0.6610655    
  0.7492189     ,  0.6648137    
  0.7459035     ,  0.6685454    
  0.7425694     ,  0.6722603    
  0.7392169     ,  0.6759586    
  0.7358460     ,  0.6796401    
  0.7324569     ,  0.6833047    
  0.7290494     ,  0.6869522    
  0.7256239     ,  0.6905827    
  0.7221803     ,  0.6941960    
  0.7187188     ,  0.6977921    
  0.7152393     ,  0.7013707    
  0.7117421     ,  0.7049320    
  0.7082272     ,  0.7084757    
  0.7046946     ,  0.7120018    
  0.7011446     ,  0.7155102    
  0.6975771     ,  0.7190008    
  0.6939922     ,  0.7224734    
  0.6903901     ,  0.7259282    
  0.6867709     ,  0.7293649    
  0.6831345     ,  0.7327834    
  0.6794811     ,  0.7361838    
  0.6758109     ,  0.7395658    
  0.6721239     ,  0.7429295    
  0.6684202     ,  0.7462747    
  0.6646999     ,  0.7496012    
  0.6609630     ,  0.7529092    
  0.6572097     ,  0.7561985    
  0.6534401     ,  0.7594690    
  0.6496542     ,  0.7627206    
  0.6458521     ,  0.7659532    
  0.6420340     ,  0.7691668    
  0.6381999     ,  0.7723612    
  0.6343500     ,  0.7755365    
  0.6304843     ,  0.7786925    
  0.6266029     ,  0.7818291    
  0.6227060     ,  0.7849463    
  0.6187936     ,  0.7880440    
  0.6148658     ,  0.7911221    
  0.6109228     ,  0.7941806    
  0.6069645     ,  0.7972193    
  0.6029911     ,  0.8002382    
  0.5990028     ,  0.8032372    
  0.5949996     ,  0.8062162    
  0.5909815     ,  0.8091753    
  0.5869489     ,  0.8121142    
  0.5829016     ,  0.8150329    
  0.5788398     ,  0.8179314    
  0.5747637     ,  0.8208095    
  0.5706733     ,  0.8236672    
  0.5665687     ,  0.8265045    
  0.5624500     ,  0.8293213    
  0.5583173     ,  0.8321174    
  0.5541708     ,  0.8348929    
  0.5500105     ,  0.8376476    
  0.5458365     ,  0.8403815    
  0.5416490     ,  0.8430945    
  0.5374480     ,  0.8457866    
  0.5332336     ,  0.8484577    
  0.5290061     ,  0.8511077    
  0.5247653     ,  0.8537365    
  0.5205116     ,  0.8563442    
  0.5162449     ,  0.8589305    
  0.5119654     ,  0.8614956    
  0.5076731     ,  0.8640392    
  0.5033683     ,  0.8665614    
  0.4990510     ,  0.8690620    
  0.4947212     ,  0.8715411    
  0.4903792     ,  0.8739985    
  0.4860250     ,  0.8764341    
  0.4816587     ,  0.8788481    
  0.4772805     ,  0.8812402    
  0.4728904     ,  0.8836104    
  0.4684885     ,  0.8859587    
  0.4640751     ,  0.8882849    
  0.4596500     ,  0.8905891    
  0.4552136     ,  0.8928712    
  0.4507659     ,  0.8951311    
  0.4463069     ,  0.8973688    
  0.4418369     ,  0.8995842    
  0.4373559     ,  0.9017772    
  0.4328641     ,  0.9039479    
  0.4283615     ,  0.9060961    
  0.4238483     ,  0.9082218    
  0.4193245     ,  0.9103249    
  0.4147904     ,  0.9124055    
  0.4102459     ,  0.9144634    
  0.4056912     ,  0.9164986    
  0.4011265     ,  0.9185110    
  0.3965518     ,  0.9205006    
  0.3919673     ,  0.9224674    
  0.3873730     ,  0.9244113    
  0.3827691     ,  0.9263322    
  0.3781557     ,  0.9282301    
  0.3735330     ,  0.9301050    
  0.3689009     ,  0.9319568    
  0.3642597     ,  0.9337854    
  0.3596094     ,  0.9355908    
  0.3549502     ,  0.9373730    
  0.3502823     ,  0.9391320    
  0.3456056     ,  0.9408676    
  0.3409203     ,  0.9425799    
  0.3362265     ,  0.9442688    
  0.3315244     ,  0.9459342    
  0.3268141     ,  0.9475761    
  0.3220957     ,  0.9491946    
  0.3173693     ,  0.9507894    
  0.3126350     ,  0.9523606    
  0.3078929     ,  0.9539083    
  0.3031432     ,  0.9554322    
  0.2983860     ,  0.9569324    
  0.2936213     ,  0.9584088    
  0.2888494     ,  0.9598615    
  0.2840703     ,  0.9612904    
  0.2792842     ,  0.9626954    
  0.2744911     ,  0.9640765    
  0.2696912     ,  0.9654336    
  0.2648846     ,  0.9667668    
  0.2600715     ,  0.9680760    
  0.2552519     ,  0.9693612    
  0.2504259     ,  0.9706223    
  0.2455937     ,  0.9718593    
  0.2407555     ,  0.9730722    
  0.2359113     ,  0.9742610    
  0.2310612     ,  0.9754255    
  0.2262053     ,  0.9765659    
  0.2213439     ,  0.9776820    
  0.2164769     ,  0.9787738    
  0.2116046     ,  0.9798414    
  0.2067271     ,  0.9808847    
  0.2018444     ,  0.9819036    
  0.1969567     ,  0.9828981    
  0.1920641     ,  0.9838682    
  0.1871667     ,  0.9848139    
  0.1822647     ,  0.9857351    
  0.1773582     ,  0.9866319    
  0.1724473     ,  0.9875042    
  0.1675321     ,  0.9883521    
  0.1626127     ,  0.9891753    
  0.1576893     ,  0.9899740    
  0.1527620     ,  0.9907482    
  0.1478309     ,  0.9914978    
  0.1428961     ,  0.9922227    
  0.1379578     ,  0.9929231    
  0.1330160     ,  0.9935988    
  0.1280710     ,  0.9942498    
  0.1231228     ,  0.9948762    
  0.1181715     ,  0.9954779    
  0.1132173     ,  0.9960549    
  0.1082603     ,  0.9966071    
  0.1033006     ,  0.9971346    
  9.8338298E-02 ,  0.9976374    
  9.3373589E-02 ,  0.9981154    
  8.8406563E-02 ,  0.9985687    
  8.3437338E-02 ,  0.9989972    
  7.8466043E-02 ,  0.9994009    
  7.3492803E-02 ,  0.9997798    
  6.8517737E-02 ,   1.000134    
  6.3540973E-02 ,   1.000463    
  5.8562633E-02 ,   1.000768    
  5.3582840E-02 ,   1.001047    
  4.8601717E-02 ,   1.001302    
  4.3619387E-02 ,   1.001532    
  3.8635973E-02 ,   1.001737    
  3.3651602E-02 ,   1.001917    
  2.8666396E-02 ,   1.002072    
  2.3680478E-02 ,   1.002203    
  1.8693972E-02 ,   1.002308    
  1.3707003E-02 ,   1.002389    
  8.7196929E-03 ,   1.002445    
  3.7321667E-03 ,   1.002476    
 -1.2554521E-03 ,   1.002482    
 -6.2430394E-03 ,   1.002463    
 -1.1230472E-02 ,   1.002420    
 -1.6217625E-02 ,   1.002351    
 -2.1204377E-02 ,   1.002258    
 -2.6190601E-02 ,   1.002139    
 -3.1176176E-02 ,   1.001996    
 -3.6160976E-02 ,   1.001828    
 -4.1144881E-02 ,   1.001635    
 -4.6127766E-02 ,   1.001418    
 -5.1109504E-02 ,   1.001175    
 -5.6089975E-02 ,   1.000908    
 -6.1069053E-02 ,   1.000615    
 -6.6046618E-02 ,   1.000298    
 -7.1022540E-02 ,  0.9999563    
 -7.5996704E-02 ,  0.9995896    
 -8.0968983E-02 ,  0.9991980    
 -8.5939251E-02 ,  0.9987817    
 -9.0907387E-02 ,  0.9983405    
 -9.5873266E-02 ,  0.9978746    
 -0.1008368     ,  0.9973840    
 -0.1057978     ,  0.9968686    
 -0.1107561     ,  0.9963284    
 -0.1157117     ,  0.9957635    
 -0.1206645     ,  0.9951739    
 -0.1256143     ,  0.9945596    
 -0.1305609     ,  0.9939207    
 -0.1355043     ,  0.9932570    
 -0.1404443     ,  0.9925687    
 -0.1453809     ,  0.9918558    
 -0.1503138     ,  0.9911183    
 -0.1552430     ,  0.9903561    
 -0.1601684     ,  0.9895694    
 -0.1650898     ,  0.9887581    
 -0.1700071     ,  0.9879223    
 -0.1749201     ,  0.9870620    
 -0.1798288     ,  0.9861771    
 -0.1847331     ,  0.9852678    
 -0.1896328     ,  0.9843341    
 -0.1945277     ,  0.9833758    
 -0.1994179     ,  0.9823933    
 -0.2043031     ,  0.9813863    
 -0.2091832     ,  0.9803550    
 -0.2140581     ,  0.9792993    
 -0.2189278     ,  0.9782193    
 -0.2237920     ,  0.9771151    
 -0.2286506     ,  0.9759866    
 -0.2335035     ,  0.9748339    
 -0.2383507     ,  0.9736570    
 -0.2431919     ,  0.9724559    
 -0.2480271     ,  0.9712307    
 -0.2528562     ,  0.9699814    
 -0.2576790     ,  0.9687080    
 -0.2624953     ,  0.9674105    
 -0.2673052     ,  0.9660890    
 -0.2721084     ,  0.9647436    
 -0.2769049     ,  0.9633741    
 -0.2816945     ,  0.9619808    
 -0.2864771     ,  0.9605637    
 -0.2912526     ,  0.9591226    
 -0.2960209     ,  0.9576578    
 -0.3007818     ,  0.9561691    
 -0.3055352     ,  0.9546568    
 -0.3102811     ,  0.9531207    
 -0.3150192     ,  0.9515610    
 -0.3197496     ,  0.9499776    
 -0.3244720     ,  0.9483707    
 -0.3291864     ,  0.9467402    
 -0.3338925     ,  0.9450862    
 -0.3385904     ,  0.9434088    
 -0.3432799     ,  0.9417079    
 -0.3479609     ,  0.9399837    
 -0.3526332     ,  0.9382361    
 -0.3572967     ,  0.9364653    
 -0.3619514     ,  0.9346712    
 -0.3665971     ,  0.9328538    
 -0.3712338     ,  0.9310133    
 -0.3758611     ,  0.9291497    
 -0.3804792     ,  0.9272631    
 -0.3850878     ,  0.9253534    
 -0.3896868     ,  0.9234207    
 -0.3942762     ,  0.9214652    
 -0.3988558     ,  0.9194867    
 -0.4034255     ,  0.9174854    
 -0.4079851     ,  0.9154613    
 -0.4125347     ,  0.9134145    
 -0.4170739     ,  0.9113449    
 -0.4216029     ,  0.9092528    
 -0.4261213     ,  0.9071381    
 -0.4306292     ,  0.9050009    
 -0.4351264     ,  0.9028412    
 -0.4396127     ,  0.9006590    
 -0.4440882     ,  0.8984545    
 -0.4485526     ,  0.8962277    
 -0.4530059     ,  0.8939786    
 -0.4574479     ,  0.8917073    
 -0.4618786     ,  0.8894139    
 -0.4662978     ,  0.8870984    
 -0.4707054     ,  0.8847608    
 -0.4751014     ,  0.8824013    
 -0.4794855     ,  0.8800198    
 -0.4838577     ,  0.8776165    
 -0.4882179     ,  0.8751915    
 -0.4925660     ,  0.8727446    
 -0.4969018     ,  0.8702761    
 -0.5012253     ,  0.8677859    
 -0.5055363     ,  0.8652743    
 -0.5098348     ,  0.8627411    
 -0.5141206     ,  0.8601865    
 -0.5183937     ,  0.8576105    
 -0.5226539     ,  0.8550132    
 -0.5269011     ,  0.8523946    
 -0.5311351     ,  0.8497549    
 -0.5353560     ,  0.8470941    
 -0.5395637     ,  0.8444123    
 -0.5437579     ,  0.8417094    
 -0.5479385     ,  0.8389857    
 -0.5521056     ,  0.8362411    
 -0.5562590     ,  0.8334756    
 -0.5603985     ,  0.8306895    
 -0.5645241     ,  0.8278828    
 -0.5686357     ,  0.8250555    
 -0.5727332     ,  0.8222077    
 -0.5768164     ,  0.8193395    
 -0.5808852     ,  0.8164509    
 -0.5849397     ,  0.8135420    
 -0.5889795     ,  0.8106129    
 -0.5930048     ,  0.8076637    
 -0.5970154     ,  0.8046944    
 -0.6010111     ,  0.8017050    
 -0.6049919     ,  0.7986957    
 -0.6089576     ,  0.7956666    
 -0.6129082     ,  0.7926177    
 -0.6168435     ,  0.7895492    
 -0.6207635     ,  0.7864609    
 -0.6246681     ,  0.7833531    
 -0.6285572     ,  0.7802259    
 -0.6324307     ,  0.7770793    
 -0.6362884     ,  0.7739133    
 -0.6401303     ,  0.7707282    
 -0.6439562     ,  0.7675238    
 -0.6477662     ,  0.7643004    
 -0.6515601     ,  0.7610580    
 -0.6553378     ,  0.7577966    
 -0.6590992     ,  0.7545165    
 -0.6628442     ,  0.7512175    
 -0.6665727     ,  0.7478999    
 -0.6702847     ,  0.7445638    
 -0.6739799     ,  0.7412090    
 -0.6776584     ,  0.7378359    
 -0.6813201     ,  0.7344444    
 -0.6849648     ,  0.7310346    
 -0.6885926     ,  0.7276067    
 -0.6922031     ,  0.7241607    
 -0.6957965     ,  0.7206966    
 -0.6993725     ,  0.7172146    
 -0.7029312     ,  0.7137148    
 -0.7064723     ,  0.7101973    
 -0.7099959     ,  0.7066621    
 -0.7135019     ,  0.7031093    
 -0.7169901     ,  0.6995390    
 -0.7204604     ,  0.6959513    
 -0.7239129     ,  0.6923463    
 -0.7273473     ,  0.6887241    
 -0.7307637     ,  0.6850848    
 -0.7341619     ,  0.6814284    
 -0.7375417     ,  0.6777551    
 -0.7409033     ,  0.6740649    
 -0.7442464     ,  0.6703579    
 -0.7475711     ,  0.6666343    
 -0.7508771     ,  0.6628940    
 -0.7541644     ,  0.6591373    
 -0.7574330     ,  0.6553642    
 -0.7606827     ,  0.6515748    
 -0.7639135     ,  0.6477692    
 -0.7671253     ,  0.6439474    
 -0.7703180     ,  0.6401097    
 -0.7734916     ,  0.6362560    
 -0.7766458     ,  0.6323864    
 -0.7797808     ,  0.6285012    
 -0.7828963     ,  0.6246002    
 -0.7859924     ,  0.6206838    
 -0.7890689     ,  0.6167519    
 -0.7921258     ,  0.6128047    
 -0.7951629     ,  0.6088421    
 -0.7981803     ,  0.6048645    
 -0.8011778     ,  0.6008717    
 -0.8041553     ,  0.5968640    
 -0.8071129     ,  0.5928415    
 -0.8100503     ,  0.5888042    
 -0.8129676     ,  0.5847523    
 -0.8158646     ,  0.5806858    
 -0.8187414     ,  0.5766048    
 -0.8215978     ,  0.5725095    
 -0.8244336     ,  0.5684000    
 -0.8272490     ,  0.5642762    
 -0.8300438     ,  0.5601385    
 -0.8328179     ,  0.5559868    
 -0.8355713     ,  0.5518212    
 -0.8383039     ,  0.5476419    
 -0.8410156     ,  0.5434490    
 -0.8437063     ,  0.5392425    
 -0.8463761     ,  0.5350226    
 -0.8490247     ,  0.5307894    
 -0.8516522     ,  0.5265430    
 -0.8542585     ,  0.5222834    
 -0.8568436     ,  0.5180109    
 -0.8594073     ,  0.5137254    
 -0.8619496     ,  0.5094271    
 -0.8644704     ,  0.5051162    
 -0.8669696     ,  0.5007926    
 -0.8694474     ,  0.4964566    
 -0.8719034     ,  0.4921083    
 -0.8743377     ,  0.4877476    
 -0.8767502     ,  0.4833748    
 -0.8791409     ,  0.4789900    
 -0.8815096     ,  0.4745933    
 -0.8838564     ,  0.4701847    
 -0.8861812     ,  0.4657644    
 -0.8884839     ,  0.4613325    
 -0.8907645     ,  0.4568891    
 -0.8930229     ,  0.4524343    
 -0.8952590     ,  0.4479682    
 -0.8974729     ,  0.4434910    
 -0.8996643     ,  0.4390027    
 -0.9018333     ,  0.4345035    
 -0.9039798     ,  0.4299935    
 -0.9061038     ,  0.4254727    
 -0.9082053     ,  0.4209414    
 -0.9102841     ,  0.4163995    
 -0.9123402     ,  0.4118473    
 -0.9143736     ,  0.4072848    
 -0.9163842     ,  0.4027121    
 -0.9183719     ,  0.3981294    
 -0.9203368     ,  0.3935368    
 -0.9222787     ,  0.3889343    
 -0.9241976     ,  0.3843222    
 -0.9260935     ,  0.3797005    
 -0.9279662     ,  0.3750694    
 -0.9298159     ,  0.3704288    
 -0.9316424     ,  0.3657791    
 -0.9334456     ,  0.3611202    
 -0.9352255     ,  0.3564523    
 -0.9369822     ,  0.3517755    
 -0.9387154     ,  0.3470900    
 -0.9404252     ,  0.3423958    
 -0.9421116     ,  0.3376930    
 -0.9437745     ,  0.3329819    
 -0.9454139     ,  0.3282624    
 -0.9470297     ,  0.3235348    
 -0.9486218     ,  0.3187990    
 -0.9501903     ,  0.3140554    
 -0.9517351     ,  0.3093038    
 -0.9532561     ,  0.3045446    
 -0.9547534     ,  0.2997778    
 -0.9562268     ,  0.2950035    
 -0.9576764     ,  0.2902218    
 -0.9591021     ,  0.2854329    
 -0.9605039     ,  0.2806369    
 -0.9618817     ,  0.2758339    
 -0.9632355     ,  0.2710240    
 -0.9645653     ,  0.2662073    
 -0.9658710     ,  0.2613840    
 -0.9671526     ,  0.2565541    
 -0.9684101     ,  0.2517179    
 -0.9696434     ,  0.2468753    
 -0.9708524     ,  0.2420267    
 -0.9720373     ,  0.2371719    
 -0.9731979     ,  0.2323113    
 -0.9743342     ,  0.2274448    
 -0.9754462     ,  0.2225727    
 -0.9765339     ,  0.2176950    
 -0.9775972     ,  0.2128119    
 -0.9786360     ,  0.2079235    
 -0.9796504     ,  0.2030299    
 -0.9806404     ,  0.1981312    
 -0.9816059     ,  0.1932276    
 -0.9825469     ,  0.1883191    
 -0.9834633     ,  0.1834060    
 -0.9843552     ,  0.1784882    
 -0.9852225     ,  0.1735660    
 -0.9860651     ,  0.1686395    
 -0.9868832     ,  0.1637088    
 -0.9876767     ,  0.1587739    
 -0.9884455     ,  0.1538351    
 -0.9891896     ,  0.1488925    
 -0.9899089     ,  0.1439461    
 -0.9906036     ,  0.1389962    
 -0.9912735     ,  0.1340428    
 -0.9919186     ,  0.1290860    
 -0.9925390     ,  0.1241260    
 -0.9931346     ,  0.1191629    
 -0.9937053     ,  0.1141969    
 -0.9942513     ,  0.1092279    
 -0.9947724     ,  0.1042563    
 -0.9952686     ,  9.9282019E-02
 -0.9957401     ,  9.4305284E-02
 -0.9961866     ,  8.9326188E-02
 -0.9966082     ,  8.4344864E-02
 -0.9970049     ,  7.9361431E-02
 -0.9973767     ,  7.4376017E-02
 -0.9977236     ,  6.9388740E-02
 -0.9980456     ,  6.4399727E-02
 -0.9983426     ,  5.9409108E-02
 -0.9986146     ,  5.4417003E-02
 -0.9988617     ,  4.9423538E-02
 -0.9990838     ,  4.4428840E-02
 -0.9992810     ,  3.9433032E-02
 -0.9994532     ,  3.4436237E-02
 -0.9996004     ,  2.9438581E-02
 -0.9997225     ,  2.4440190E-02
 -0.9998198     ,  1.9441187E-02
 -0.9998920     ,  1.4441699E-02
 -0.9999392     ,  9.4418498E-03
 -0.9999614     ,  4.4417642E-03
 -0.9999586     , -5.5843237E-04
 -0.9999309     , -5.5586151E-03
 -0.9998780     , -1.0558659E-02
 -0.9998003     , -1.5558439E-02
 -0.9996974     , -2.0557830E-02
 -0.9995697     , -2.5556708E-02
 -0.9994169     , -3.0554945E-02
 -0.9992391     , -3.5552420E-02
 -0.9990363     , -4.0549003E-02
 -0.9988086     , -4.5544572E-02
 -0.9985558     , -5.0539002E-02
 -0.9982781     , -5.5532169E-02
 -0.9979755     , -6.0523946E-02
 -0.9976478     , -6.5514207E-02
 -0.9972952     , -7.0502833E-02
 -0.9969176     , -7.5489692E-02
 -0.9965151     , -8.0474667E-02
 -0.9960877     , -8.5457623E-02
 -0.9956353     , -9.0438448E-02
 -0.9951581     , -9.5417008E-02
 -0.9946559     , -0.1003932    
 -0.9941288     , -0.1053668    
 -0.9935769     , -0.1103379    
 -0.9930001     , -0.1153061    
 -0.9923984     , -0.1202715    
 -0.9917719     , -0.1252339    
 -0.9911206     , -0.1301931    
 -0.9904445     , -0.1351491    
 -0.9897436     , -0.1401017    
 -0.9890180     , -0.1450507    
 -0.9882675     , -0.1499962    
 -0.9874924     , -0.1549379    
 -0.9866925     , -0.1598757    
 -0.9858679     , -0.1648095    
 -0.9850187     , -0.1697392    
 -0.9841447     , -0.1746647    
 -0.9832461     , -0.1795857    
 -0.9823229     , -0.1845023    
 -0.9813752     , -0.1894143    
 -0.9804028     , -0.1943215    
 -0.9794059     , -0.1992238    
 -0.9783845     , -0.2041212    
 -0.9773386     , -0.2090134    
 -0.9762682     , -0.2139004    
 -0.9751733     , -0.2187821    
 -0.9740540     , -0.2236582    
 -0.9729103     , -0.2285288    
 -0.9717423     , -0.2333937    
 -0.9705499     , -0.2382527    
 -0.9693332     , -0.2431057    
 -0.9680922     , -0.2479527    
 -0.9668270     , -0.2527934    
 -0.9655375     , -0.2576278    
 -0.9642239     , -0.2624558    
 -0.9628862     , -0.2672771    
 -0.9615242     , -0.2720918    
 -0.9601383     , -0.2768997    
 -0.9587282     , -0.2817006    
 -0.9572941     , -0.2864944    
 -0.9558361     , -0.2912811    
 -0.9543540     , -0.2960605    
 -0.9528481     , -0.3008325    
 -0.9513183     , -0.3055969    
 -0.9497647     , -0.3103537    
 -0.9481872     , -0.3151027    
 -0.9465860     , -0.3198438    
 -0.9449611     , -0.3245769    
 -0.9433124     , -0.3293018    
 -0.9416401     , -0.3340185    
 -0.9399443     , -0.3387268    
 -0.9382248     , -0.3434267    
 -0.9364818     , -0.3481179    
 -0.9347154     , -0.3528004    
 -0.9329255     , -0.3574740    
 -0.9311122     , -0.3621387    
 -0.9292756     , -0.3667943    
 -0.9274157     , -0.3714407    
 -0.9255326     , -0.3760778    
 -0.9236262     , -0.3807054    
 -0.9216967     , -0.3853236    
 -0.9197440     , -0.3899320    
 -0.9177683     , -0.3945307    
 -0.9157696     , -0.3991195    
 -0.9137479     , -0.4036982    
 -0.9117033     , -0.4082669    
 -0.9096358     , -0.4128253    
 -0.9075456     , -0.4173733    
 -0.9054325     , -0.4219109    
 -0.9032968     , -0.4264379    
 -0.9011384     , -0.4309542    
 -0.8989574     , -0.4354597    
 -0.8967538     , -0.4399543    
 -0.8945277     , -0.4444378    
 -0.8922792     , -0.4489102    
 -0.8900083     , -0.4533713    
 -0.8877151     , -0.4578210    
 -0.8853996     , -0.4622593    
 -0.8830619     , -0.4666860    
 -0.8807020     , -0.4711009    
 -0.8783200     , -0.4755040    
 -0.8759161     , -0.4798952    
 -0.8734901     , -0.4842744    
 -0.8710422     , -0.4886414    
 -0.8685724     , -0.4929961    
 -0.8660809     , -0.4973385    
 -0.8635676     , -0.5016684    
 -0.8610326     , -0.5059857    
 -0.8584760     , -0.5102903    
 -0.8558979     , -0.5145820    
 -0.8532983     , -0.5188609    
 -0.8506773     , -0.5231268    
 -0.8480349     , -0.5273795    
 -0.8453712     , -0.5316190    
