  0.0000000E+00 ,   400.0000    
  5.0000001E-02 ,   395.0000    
  0.1000000     ,   390.2500    
  0.1500000     ,   385.7375    
  0.2000000     ,   381.4506    
  0.2500000     ,   377.3781    
  0.3000000     ,   373.5092    
  0.3500000     ,   369.8337    
  0.4000000     ,   366.3420    
  0.4500000     ,   363.0249    
  0.5000001     ,   359.8737    
  0.5500001     ,   356.8800    
  0.6000001     ,   354.0360    
  0.6500001     ,   351.3342    
  0.7000001     ,   348.7675    
  0.7500001     ,   346.3291    
  0.8000001     ,   344.0126    
  0.8500001     ,   341.8120    
  0.9000002     ,   339.7214    
  0.9500002     ,   337.7353    
   1.000000     ,   335.8485    
   1.050000     ,   334.0561    
   1.100000     ,   332.3533    
   1.150000     ,   330.7356    
   1.200000     ,   329.1989    
   1.250000     ,   327.7389    
   1.300000     ,   326.3520    
   1.350000     ,   325.0344    
   1.400000     ,   323.7827    
   1.450000     ,   322.5935    
   1.500000     ,   321.4639    
   1.550000     ,   320.3907    
   1.600000     ,   319.3712    
   1.649999     ,   318.4026    
   1.699999     ,   317.4825    
   1.749999     ,   316.6083    
   1.799999     ,   315.7779    
   1.849999     ,   314.9890    
   1.899999     ,   314.2396    
   1.949999     ,   313.5276    
   1.999999     ,   312.8512    
   2.049999     ,   312.2086    
   2.099999     ,   311.5982    
   2.149999     ,   311.0183    
   2.199999     ,   310.4674    
   2.249999     ,   309.9440    
   2.299999     ,   309.4468    
   2.349999     ,   308.9745    
   2.399999     ,   308.5257    
   2.449999     ,   308.0994    
   2.499999     ,   307.6945    
   2.549999     ,   307.3097    
   2.599999     ,   306.9442    
   2.649999     ,   306.5970    
   2.699999     ,   306.2672    
   2.749999     ,   305.9538    
   2.799999     ,   305.6561    
   2.849998     ,   305.3733    
   2.899998     ,   305.1046    
   2.949998     ,   304.8494    
   2.999998     ,   304.6070    
   3.049998     ,   304.3766    
   3.099998     ,   304.1578    
   3.149998     ,   303.9499    
   3.199998     ,   303.7524    
   3.249998     ,   303.5648    
   3.299998     ,   303.3865    
   3.349998     ,   303.2172    
   3.399998     ,   303.0563    
   3.449998     ,   302.9035    
   3.499998     ,   302.7583    
   3.549998     ,   302.6204    
   3.599998     ,   302.4894    
   3.649998     ,   302.3649    
   3.699998     ,   302.2467    
   3.749998     ,   302.1343    
   3.799998     ,   302.0276    
   3.849998     ,   301.9262    
   3.899997     ,   301.8299    
   3.949997     ,   301.7384    
   3.999997     ,   301.6515    
   4.049997     ,   301.5689    
   4.099998     ,   301.4905    
   4.149998     ,   301.4160    
   4.199998     ,   301.3452    
   4.249998     ,   301.2779    
   4.299998     ,   301.2140    
   4.349998     ,   301.1533    
   4.399999     ,   301.0956    
   4.449999     ,   301.0408    
   4.499999     ,   300.9888    
   4.549999     ,   300.9394    
   4.599999     ,   300.8924    
   4.650000     ,   300.8478    
   4.700000     ,   300.8054    
   4.750000     ,   300.7651    
   4.800000     ,   300.7268    
   4.850000     ,   300.6905    
   4.900001     ,   300.6560    
   4.950001     ,   300.6232    
   5.000001     ,   300.5920    
   5.050001     ,   300.5624    
   5.100001     ,   300.5343    
   5.150002     ,   300.5076    
   5.200002     ,   300.4822    
   5.250002     ,   300.4581    
   5.300002     ,   300.4352    
   5.350002     ,   300.4134    
   5.400002     ,   300.3928    
   5.450003     ,   300.3731    
   5.500003     ,   300.3545    
   5.550003     ,   300.3367    
   5.600003     ,   300.3199    
   5.650003     ,   300.3039    
   5.700004     ,   300.2887    
   5.750004     ,   300.2743    
   5.800004     ,   300.2606    
   5.850004     ,   300.2475    
   5.900004     ,   300.2351    
   5.950005     ,   300.2234    
   6.000005     ,   300.2122    
   6.050005     ,   300.2016    
   6.100005     ,   300.1915    
   6.150005     ,   300.1819    
   6.200006     ,   300.1729    
   6.250006     ,   300.1642    
   6.300006     ,   300.1560    
   6.350006     ,   300.1482    
   6.400006     ,   300.1408    
   6.450006     ,   300.1337    
   6.500007     ,   300.1270    
   6.550007     ,   300.1207    
   6.600007     ,   300.1147    
   6.650007     ,   300.1089    
   6.700007     ,   300.1035    
   6.750008     ,   300.0983    
   6.800008     ,   300.0934    
   6.850008     ,   300.0887    
   6.900008     ,   300.0843    
   6.950008     ,   300.0801    
   7.000009     ,   300.0761    
   7.050009     ,   300.0723    
   7.100009     ,   300.0687    
   7.150009     ,   300.0652    
   7.200009     ,   300.0620    
   7.250010     ,   300.0588    
   7.300010     ,   300.0559    
   7.350010     ,   300.0531    
   7.400010     ,   300.0504    
   7.450010     ,   300.0479    
   7.500010     ,   300.0455    
   7.550011     ,   300.0432    
   7.600011     ,   300.0410    
   7.650011     ,   300.0390    
   7.700011     ,   300.0370    
   7.750011     ,   300.0352    
   7.800012     ,   300.0334    
   7.850012     ,   300.0317    
   7.900012     ,   300.0302    
   7.950012     ,   300.0287    
   8.000012     ,   300.0272    
   8.050013     ,   300.0258    
   8.100013     ,   300.0246    
   8.150013     ,   300.0233    
   8.200013     ,   300.0222    
   8.250013     ,   300.0211    
   8.300014     ,   300.0200    
   8.350014     ,   300.0190    
   8.400014     ,   300.0181    
   8.450014     ,   300.0172    
   8.500014     ,   300.0163    
   8.550014     ,   300.0155    
   8.600015     ,   300.0147    
   8.650015     ,   300.0140    
   8.700015     ,   300.0133    
   8.750015     ,   300.0126    
   8.800015     ,   300.0120    
   8.850016     ,   300.0114    
   8.900016     ,   300.0108    
   8.950016     ,   300.0102    
   9.000016     ,   300.0097    
   9.050016     ,   300.0092    
   9.100017     ,   300.0088    
   9.150017     ,   300.0083    
   9.200017     ,   300.0079    
   9.250017     ,   300.0075    
   9.300017     ,   300.0071    
   9.350018     ,   300.0068    
   9.400018     ,   300.0064    
   9.450018     ,   300.0061    
   9.500018     ,   300.0058    
   9.550018     ,   300.0055    
   9.600019     ,   300.0052    
   9.650019     ,   300.0049    
   9.700019     ,   300.0047    
   9.750019     ,   300.0045    
   9.800019     ,   300.0042    
   9.850019     ,   300.0040    
   9.900020     ,   300.0038    
   9.950020     ,   300.0036    
