  0.0000000E+00   350.0000    
  0.1000000       343.5000    
  0.2000000       337.0650    
  0.3000000       330.6944    
  0.4000000       324.3874    
  0.5000000       318.1436    
  0.6000000       311.9621    
  0.7000000       305.8425    
  0.8000001       299.7841    
  0.9000001       293.7863    
   1.000000       287.8484    
   1.100000       281.9699    
   1.200000       276.1502    
   1.300000       270.3887    
   1.400000       264.6848    
   1.500000       259.0380    
   1.600000       253.4476    
   1.700000       247.9131    
   1.800000       242.4340    
   1.900000       237.0096    
   2.000000       231.6395    
   2.100000       226.3232    
   2.200000       221.0599    
   2.300000       215.8493    
   2.400000       210.6908    
   2.500000       205.5839    
   2.600000       200.5281    
   2.700000       195.5228    
   2.799999       190.5676    
   2.899999       185.6619    
   2.999999       180.8053    
   3.099999       175.9972    
   3.199999       171.2373    
   3.299999       166.5249    
   3.399999       161.8596    
   3.499999       157.2410    
   3.599999       152.6686    
   3.699999       148.1420    
   3.799999       143.6605    
   3.899998       139.2239    
   3.999998       134.8317    
   4.099998       130.4834    
   4.199998       126.1786    
   4.299998       121.9168    
   4.399998       117.6976    
   4.499998       113.5206    
   4.599998       109.3854    
   4.699998       105.2915    
   4.799998       101.2386    
   4.899998       97.22624    
   4.999998       93.25398    
   5.099998       89.32144    
   5.199997       85.42823    
   5.299997       81.57394    
   5.399997       77.75820    
   5.499997       73.98062    
   5.599997       70.24081    
   5.699997       66.53841    
   5.799997       62.87302    
   5.899997       59.24429    
   5.999997       55.65185    
   6.099997       52.09533    
   6.199996       48.57438    
   6.299996       45.08863    
   6.399996       41.63775    
   6.499996       38.22137    
   6.599996       34.83916    
   6.699996       31.49076    
   6.799996       28.17586    
   6.899996       24.89410    
   6.999996       21.64516    
   7.099996       18.42871    
   7.199996       15.24442    
   7.299995       12.09197    
   7.399995       8.971054    
   7.499995       5.881343    
   7.599995       2.822530    
   7.699995     -0.2056956    
   7.799995      -3.203639    
   7.899995      -6.171603    
   7.999995      -9.109887    
   8.099995      -12.01879    
   8.199995      -14.89860    
   8.299995      -17.74961    
   8.399996      -20.57212    
   8.499996      -23.36640    
   8.599997      -26.13273    
   8.699997      -28.87141    
   8.799997      -31.58269    
   8.899998      -34.26686    
   8.999998      -36.92419    
   9.099998      -39.55495    
   9.199999      -42.15940    
   9.299999      -44.73781    
   9.400000      -47.29043    
   9.500000      -49.81753    
   9.600000      -52.31935    
   9.700001      -54.79616    
   9.800001      -57.24820    
   9.900002      -59.67571    
   10.00000      -62.07896    
   10.10000      -64.45817    
   10.20000      -66.81358    
   10.30000      -69.14545    
   10.40000      -71.45399    
   10.50000      -73.73946    
   10.60000      -76.00206    
   10.70000      -78.24204    
   10.80000      -80.45963    
   10.90001      -82.65503    
   11.00001      -84.82848    
   11.10001      -86.98019    
   11.20001      -89.11039    
   11.30001      -91.21928    
   11.40001      -93.30709    
   11.50001      -95.37402    
   11.60001      -97.42028    
   11.70001      -99.44608    
   11.80001      -101.4516    
   11.90001      -103.4371    
   12.00001      -105.4027    
   12.10001      -107.3487    
   12.20001      -109.2752    
   12.30001      -111.1825    
   12.40001      -113.0706    
   12.50001      -114.9399    
   12.60001      -116.7905    
   12.70001      -118.6226    
   12.80001      -120.4364    
   12.90001      -122.2320    
   13.00001      -124.0097    
   13.10001      -125.7696    
   13.20001      -127.5119    
   13.30001      -129.2368    
   13.40001      -130.9444    
   13.50002      -132.6350    
   13.60002      -134.3086    
   13.70002      -135.9655    
   13.80002      -137.6059    
   13.90002      -139.2298    
   14.00002      -140.8375    
   14.10002      -142.4292    
   14.20002      -144.0049    
   14.30002      -145.5648    
   14.40002      -147.1092    
   14.50002      -148.6381    
   14.60002      -150.1517    
   14.70002      -151.6502    
   14.80002      -153.1337    
   14.90002      -154.6024    
   15.00002      -156.0564    
   15.10002      -157.4958    
   15.20002      -158.9209    
   15.30002      -160.3316    
   15.40002      -161.7283    
   15.50002      -163.1111    
   15.60002      -164.4799    
   15.70002      -165.8351    
   15.80002      -167.1768    
   15.90002      -168.5050    
   16.00002      -169.8200    
   16.10003      -171.1218    
   16.20003      -172.4106    
   16.30003      -173.6865    
   16.40003      -174.9496    
   16.50003      -176.2001    
   16.60003      -177.4381    
   16.70003      -178.6637    
   16.80003      -179.8771    
   16.90003      -181.0783    
   17.00003      -182.2675    
   17.10003      -183.4449    
   17.20003      -184.6104    
   17.30003      -185.7643    
   17.40003      -186.9067    
   17.50003      -188.0376    
   17.60003      -189.1572    
   17.70003      -190.2657    
   17.80003      -191.3630    
   17.90003      -192.4494    
   18.00003      -193.5249    
   18.10003      -194.5896    
   18.20003      -195.6437    
   18.30003      -196.6873    
   18.40003      -197.7204    
   18.50003      -198.7432    
   18.60003      -199.7558    
   18.70004      -200.7582    
   18.80004      -201.7507    
   18.90004      -202.7332    
   19.00004      -203.7058    
   19.10004      -204.6688    
   19.20004      -205.6221    
   19.30004      -206.5659    
   19.40004      -207.5002    
   19.50004      -208.4252    
   19.60004      -209.3409    
   19.70004      -210.2475    
   19.80004      -211.1451    
   19.90004      -212.0336    
   20.00004      -212.9133    
   20.10004      -213.7841    
   20.20004      -214.6463    
   20.30004      -215.4998    
   20.40004      -216.3448    
   20.50004      -217.1814    
   20.60004      -218.0096    
   20.70004      -218.8295    
   20.80004      -219.6412    
   20.90004      -220.4447    
   21.00004      -221.2403    
   21.10004      -222.0279    
   21.20004      -222.8076    
   21.30005      -223.5795    
   21.40005      -224.3438    
   21.50005      -225.1003    
   21.60005      -225.8493    
   21.70005      -226.5908    
   21.80005      -227.3249    
   21.90005      -228.0516    
   22.00005      -228.7711    
   22.10005      -229.4834    
   22.20005      -230.1886    
   22.30005      -230.8867    
   22.40005      -231.5778    
   22.50005      -232.2621    
   22.60005      -232.9394    
   22.70005      -233.6100    
   22.80005      -234.2739    
   22.90005      -234.9312    
   23.00005      -235.5819    
   23.10005      -236.2261    
   23.20005      -236.8638    
   23.30005      -237.4952    
   23.40005      -238.1202    
   23.50005      -238.7390    
   23.60005      -239.3516    
   23.70005      -239.9581    
   23.80005      -240.5585    
   23.90005      -241.1530    
   24.00006      -241.7414    
   24.10006      -242.3240    
   24.20006      -242.9008    
   24.30006      -243.4718    
   24.40006      -244.0370    
   24.50006      -244.5967    
   24.60006      -245.1507    
   24.70006      -245.6992    
   24.80006      -246.2422    
   24.90006      -246.7798    
   25.00006      -247.3120    
   25.10006      -247.8389    
   25.20006      -248.3605    
   25.30006      -248.8769    
   25.40006      -249.3881    
   25.50006      -249.8942    
   25.60006      -250.3953    
   25.70006      -250.8913    
   25.80006      -251.3824    
   25.90006      -251.8686    
   26.00006      -252.3499    
   26.10006      -252.8264    
   26.20006      -253.2981    
   26.30006      -253.7652    
   26.40006      -254.2275    
   26.50006      -254.6852    
   26.60007      -255.1384    
   26.70007      -255.5870    
   26.80007      -256.0311    
   26.90007      -256.4708    
   27.00007      -256.9061    
   27.10007      -257.3371    
   27.20007      -257.7637    
   27.30007      -258.1861    
   27.40007      -258.6042    
   27.50007      -259.0182    
   27.60007      -259.4280    
   27.70007      -259.8337    
   27.80007      -260.2354    
   27.90007      -260.6331    
   28.00007      -261.0267    
   28.10007      -261.4165    
   28.20007      -261.8023    
   28.30007      -262.1843    
   28.40007      -262.5624    
   28.50007      -262.9368    
   28.60007      -263.3075    
   28.70007      -263.6744    
   28.80007      -264.0376    
   28.90007      -264.3972    
   29.00007      -264.7533    
   29.10007      -265.1057    
   29.20008      -265.4547    
   29.30008      -265.8001    
   29.40008      -266.1422    
   29.50008      -266.4807    
   29.60008      -266.8159    
   29.70008      -267.1478    
   29.80008      -267.4763    
   29.90008      -267.8015    
